img=images/tileset/tileset_hell_theme_1.png

tile=41,0,0,64,256,32,240
tile=42,64,0,64,256,32,240
tile=43,128,0,64,256,32,240
tile=44,192,0,64,256,32,240
tile=45,256,0,64,256,32,240
tile=46,320,0,64,256,32,240
tile=47,384,0,64,256,32,240
tile=48,448,0,64,256,32,240
tile=49,512,0,64,256,32,240
tile=50,576,0,64,256,32,240
tile=51,640,0,64,256,32,240
tile=52,704,0,64,256,32,240
tile=53,768,0,64,256,32,240
tile=54,832,0,64,256,32,240
tile=55,896,0,64,256,32,240
tile=56,960,0,64,256,32,240
tile=57,1024,0,64,256,32,240
tile=58,1088,0,64,256,32,240
tile=59,1152,0,64,256,32,240
tile=60,1216,0,64,256,32,240
tile=61,1280,0,64,256,32,240
tile=62,1344,0,64,256,32,240
tile=63,1408,0,64,256,32,240
tile=64,1472,0,64,256,32,240
tile=65,1536,0,64,256,32,240
tile=66,1600,0,64,256,32,240
tile=67,1664,0,64,256,32,240
tile=68,1728,0,64,256,32,240
tile=69,1792,0,64,256,32,240
tile=70,1856,0,64,256,32,240
tile=71,1920,0,64,256,32,240
tile=72,1984,0,64,256,32,240
tile=73,0,256,64,256,32,240
tile=74,64,256,64,256,32,240
tile=75,128,256,64,256,32,240
tile=76,192,256,64,256,32,240
tile=77,256,256,64,256,32,240
tile=78,320,256,64,256,32,240
tile=79,384,256,64,256,32,240
tile=80,448,256,64,256,32,240
tile=81,512,256,64,256,32,240
tile=82,576,256,64,256,32,240
tile=83,640,256,64,256,32,240
tile=84,704,256,64,256,32,240
tile=85,768,256,64,256,32,240
tile=86,832,256,64,256,32,240
tile=87,896,256,64,256,32,240
tile=88,960,256,64,256,32,240
tile=89,1024,256,64,256,32,240
tile=90,1088,256,64,256,32,240
tile=91,1152,256,64,256,32,240
tile=92,1216,256,64,256,32,240
tile=93,1280,256,64,256,32,240
tile=94,1344,256,64,256,32,240
tile=95,1408,256,64,256,32,240
tile=96,1472,256,64,256,32,240
tile=97,1536,256,64,256,32,240
tile=98,1600,256,64,256,32,240
tile=99,1664,256,64,256,32,240
tile=100,1728,256,64,256,32,240
tile=101,1792,256,64,256,32,240
tile=102,1856,256,64,256,32,240
tile=103,1920,256,64,256,32,240
tile=104,1984,256,64,256,32,240
tile=105,0,512,64,256,32,240
tile=106,64,512,64,256,32,240
tile=107,128,512,64,256,32,240
tile=108,192,512,64,256,32,240
tile=109,256,512,64,256,32,240
tile=110,320,512,64,256,32,240
tile=111,384,512,64,256,32,240
tile=112,448,512,64,256,32,240
tile=113,512,512,64,256,32,240
tile=114,576,512,64,256,32,240
tile=115,640,512,64,256,32,240
tile=116,704,512,64,256,32,240
tile=117,768,512,64,256,32,240
tile=118,832,512,64,256,32,240
tile=119,896,512,64,256,32,240
tile=120,960,512,64,256,32,240
tile=121,1024,512,64,256,32,240
tile=122,1088,512,64,256,32,240
tile=123,1152,512,64,256,32,240
tile=124,1216,512,64,256,32,240
tile=125,1280,512,64,256,32,240
tile=126,1344,512,64,256,32,240
tile=127,1408,512,64,256,32,240
tile=128,1472,512,64,256,32,240
tile=129,1536,512,64,256,32,240
tile=130,1600,512,64,256,32,240
tile=131,1664,512,64,256,32,240
tile=132,1728,512,64,256,32,240
tile=133,1792,512,64,256,32,240
tile=134,1856,512,64,256,32,240
tile=135,1920,512,64,256,32,240
tile=136,1984,512,64,256,32,240
tile=137,0,768,64,256,32,240
tile=138,64,768,64,256,32,240
tile=139,128,768,64,256,32,240
tile=140,192,768,64,256,32,240
tile=141,256,768,64,256,32,240
tile=142,320,768,64,256,32,240
tile=143,384,768,64,256,32,240
tile=144,448,768,64,256,32,240
tile=145,512,768,64,256,32,240
tile=146,576,768,64,256,32,240
tile=147,640,768,64,256,32,240
tile=148,704,768,64,256,32,240
tile=149,768,768,64,256,32,240
tile=150,832,768,64,256,32,240
tile=151,896,768,64,256,32,240
tile=152,960,768,64,256,32,240
tile=153,1024,768,64,256,32,240
tile=154,1088,768,64,256,32,240
tile=155,1152,768,64,256,32,240
tile=156,1216,768,64,256,32,240
tile=157,1280,768,64,256,32,240
tile=158,1344,768,64,256,32,240
tile=159,1408,768,64,256,32,240
tile=160,1472,768,64,256,32,240
tile=161,1536,768,64,256,32,240
tile=162,1600,768,64,256,32,240
tile=163,1664,768,64,256,32,240
tile=164,1728,768,64,256,32,240
tile=165,1792,768,64,256,32,240
tile=166,1856,768,64,256,32,240
tile=167,1920,768,64,256,32,240
tile=168,1984,768,64,256,32,240
tile=169,0,1024,64,256,32,240
tile=170,64,1024,64,256,32,240
tile=171,128,1024,64,256,32,240
tile=172,192,1024,64,256,32,240
tile=173,256,1024,64,256,32,240
tile=174,320,1024,64,256,32,240
tile=175,384,1024,64,256,32,240
tile=176,448,1024,64,256,32,240
tile=177,512,1024,64,256,32,240
tile=178,576,1024,64,256,32,240
tile=179,640,1024,64,256,32,240
tile=180,704,1024,64,256,32,240
tile=181,768,1024,64,256,32,240
tile=182,832,1024,64,256,32,240
tile=183,896,1024,64,256,32,240
tile=184,960,1024,64,256,32,240
tile=185,1024,1024,64,256,32,240
tile=186,1088,1024,64,256,32,240
tile=187,1152,1024,64,256,32,240
tile=188,1216,1024,64,256,32,240
tile=189,1280,1024,64,256,32,240
tile=190,1344,1024,64,256,32,240
tile=191,1408,1024,64,256,32,240
tile=192,1472,1024,64,256,32,240
tile=193,1536,1024,64,256,32,240
tile=194,1600,1024,64,256,32,240
tile=195,1664,1024,64,256,32,240
tile=196,1728,1024,64,256,32,240
tile=197,1792,1024,64,256,32,240
tile=198,1856,1024,64,256,32,240
tile=199,1920,1024,64,256,32,240
tile=200,1984,1024,64,256,32,240
tile=201,0,1280,64,256,32,240
tile=202,64,1280,64,256,32,240
tile=203,128,1280,64,256,32,240
tile=204,192,1280,64,256,32,240
tile=205,256,1280,64,256,32,240
tile=206,320,1280,64,256,32,240
tile=207,384,1280,64,256,32,240
tile=208,448,1280,64,256,32,240
tile=209,512,1280,64,256,32,240
tile=210,576,1280,64,256,32,240
tile=211,640,1280,64,256,32,240
tile=212,704,1280,64,256,32,240
tile=213,768,1280,64,256,32,240
tile=214,832,1280,64,256,32,240
tile=215,896,1280,64,256,32,240
tile=216,960,1280,64,256,32,240
tile=217,1024,1280,64,256,32,240
tile=218,1088,1280,64,256,32,240
tile=219,1152,1280,64,256,32,240
tile=220,1216,1280,64,256,32,240
tile=221,1280,1280,64,256,32,240
tile=222,1344,1280,64,256,32,240
tile=223,1408,1280,64,256,32,240
tile=224,1472,1280,64,256,32,240
tile=225,1536,1280,64,256,32,240
tile=226,1600,1280,64,256,32,240
tile=227,1664,1280,64,256,32,240
tile=228,1728,1280,64,256,32,240
tile=229,1792,1280,64,256,32,240
tile=230,1856,1280,64,256,32,240
tile=231,1920,1280,64,256,32,240
tile=232,1984,1280,64,256,32,240
tile=233,0,1536,64,256,32,240
tile=234,64,1536,64,256,32,240
tile=235,128,1536,64,256,32,240
tile=236,192,1536,64,256,32,240
tile=237,256,1536,64,256,32,240
tile=238,320,1536,64,256,32,240
tile=239,384,1536,64,256,32,240
tile=240,448,1536,64,256,32,240
tile=241,512,1536,64,256,32,240
tile=242,576,1536,64,256,32,240
tile=243,640,1536,64,256,32,240
tile=244,704,1536,64,256,32,240
tile=245,768,1536,64,256,32,240
tile=246,832,1536,64,256,32,240
tile=247,896,1536,64,256,32,240
tile=248,960,1536,64,256,32,240
tile=249,1024,1536,64,256,32,240
tile=250,1088,1536,64,256,32,240
tile=251,1152,1536,64,256,32,240
tile=252,1216,1536,64,256,32,240
tile=253,1280,1536,64,256,32,240
tile=254,1344,1536,64,256,32,240
tile=255,1408,1536,64,256,32,240
tile=256,1472,1536,64,256,32,240
tile=257,1536,1536,64,256,32,240
tile=258,1600,1536,64,256,32,240
tile=259,1664,1536,64,256,32,240
tile=260,1728,1536,64,256,32,240
tile=261,1792,1536,64,256,32,240
tile=262,1856,1536,64,256,32,240
tile=263,1920,1536,64,256,32,240
tile=264,1984,1536,64,256,32,240
tile=265,0,1792,64,256,32,240
tile=266,64,1792,64,256,32,240
tile=267,128,1792,64,256,32,240
tile=268,192,1792,64,256,32,240
tile=269,256,1792,64,256,32,240
tile=270,320,1792,64,256,32,240
tile=271,384,1792,64,256,32,240
tile=272,448,1792,64,256,32,240
tile=273,512,1792,64,256,32,240
tile=274,576,1792,64,256,32,240
tile=275,640,1792,64,256,32,240
tile=276,704,1792,64,256,32,240
tile=277,768,1792,64,256,32,240
tile=278,832,1792,64,256,32,240
tile=279,896,1792,64,256,32,240
tile=280,960,1792,64,256,32,240
tile=281,1024,1792,64,256,32,240
tile=282,1088,1792,64,256,32,240
tile=283,1152,1792,64,256,32,240
tile=284,1216,1792,64,256,32,240
tile=285,1280,1792,64,256,32,240
tile=286,1344,1792,64,256,32,240
tile=287,1408,1792,64,256,32,240
tile=288,1472,1792,64,256,32,240
tile=289,1536,1792,64,256,32,240
tile=290,1600,1792,64,256,32,240
tile=291,1664,1792,64,256,32,240
tile=292,1728,1792,64,256,32,240
tile=293,1792,1792,64,256,32,240
tile=294,1856,1792,64,256,32,240
tile=295,1920,1792,64,256,32,240
tile=296,1984,1792,64,256,32,240
tile=297,0,2048,64,256,32,240
tile=298,64,2048,64,256,32,240
tile=299,128,2048,64,256,32,240
tile=300,192,2048,64,256,32,240
tile=301,256,2048,64,256,32,240
tile=302,320,2048,64,256,32,240
tile=303,384,2048,64,256,32,240
tile=304,448,2048,64,256,32,240
tile=305,512,2048,64,256,32,240
tile=306,576,2048,64,256,32,240
tile=307,640,2048,64,256,32,240
tile=308,704,2048,64,256,32,240
tile=309,768,2048,64,256,32,240
tile=310,832,2048,64,256,32,240
tile=311,896,2048,64,256,32,240
tile=312,960,2048,64,256,32,240
tile=313,1024,2048,64,256,32,240
tile=314,1088,2048,64,256,32,240
tile=315,1152,2048,64,256,32,240
tile=316,1216,2048,64,256,32,240
tile=317,1280,2048,64,256,32,240
tile=318,1344,2048,64,256,32,240
tile=319,1408,2048,64,256,32,240
tile=320,1472,2048,64,256,32,240
tile=321,1536,2048,64,256,32,240
tile=322,1600,2048,64,256,32,240
tile=323,1664,2048,64,256,32,240
tile=324,1728,2048,64,256,32,240
tile=325,1792,2048,64,256,32,240
tile=326,1856,2048,64,256,32,240
tile=327,1920,2048,64,256,32,240
tile=328,1984,2048,64,256,32,240
tile=329,0,2304,64,256,32,240
tile=330,64,2304,64,256,32,240
tile=331,128,2304,64,256,32,240
tile=332,192,2304,64,256,32,240
tile=333,256,2304,64,256,32,240
tile=334,320,2304,64,256,32,240
tile=335,384,2304,64,256,32,240
tile=336,448,2304,64,256,32,240
tile=337,512,2304,64,256,32,240
tile=338,576,2304,64,256,32,240
tile=339,640,2304,64,256,32,240
tile=340,704,2304,64,256,32,240
tile=341,768,2304,64,256,32,240
tile=342,832,2304,64,256,32,240
tile=343,896,2304,64,256,32,240
tile=344,960,2304,64,256,32,240
tile=345,1024,2304,64,256,32,240
tile=346,1088,2304,64,256,32,240
tile=347,1152,2304,64,256,32,240
tile=348,1216,2304,64,256,32,240
tile=349,1280,2304,64,256,32,240
tile=350,1344,2304,64,256,32,240
tile=351,1408,2304,64,256,32,240
tile=352,1472,2304,64,256,32,240
tile=353,1536,2304,64,256,32,240
tile=354,1600,2304,64,256,32,240
tile=355,1664,2304,64,256,32,240
tile=356,1728,2304,64,256,32,240
tile=357,1792,2304,64,256,32,240
tile=358,1856,2304,64,256,32,240
tile=359,1920,2304,64,256,32,240
tile=360,1984,2304,64,256,32,240
tile=361,0,2560,64,256,32,240
tile=362,64,2560,64,256,32,240
tile=363,128,2560,64,256,32,240
tile=364,192,2560,64,256,32,240
tile=365,256,2560,64,256,32,240
tile=366,320,2560,64,256,32,240
tile=367,384,2560,64,256,32,240
tile=368,448,2560,64,256,32,240
tile=369,512,2560,64,256,32,240
tile=370,576,2560,64,256,32,240
tile=371,640,2560,64,256,32,240
tile=372,704,2560,64,256,32,240
tile=373,768,2560,64,256,32,240
tile=374,832,2560,64,256,32,240
tile=375,896,2560,64,256,32,240
tile=376,960,2560,64,256,32,240
tile=377,1024,2560,64,256,32,240
tile=378,1088,2560,64,256,32,240
tile=379,1152,2560,64,256,32,240
tile=380,1216,2560,64,256,32,240
tile=381,1280,2560,64,256,32,240
tile=382,1344,2560,64,256,32,240
tile=383,1408,2560,64,256,32,240
tile=384,1472,2560,64,256,32,240
tile=385,1536,2560,64,256,32,240
tile=386,1600,2560,64,256,32,240
tile=387,1664,2560,64,256,32,240
tile=388,1728,2560,64,256,32,240
tile=389,1792,2560,64,256,32,240
tile=390,1856,2560,64,256,32,240
tile=391,1920,2560,64,256,32,240
tile=392,1984,2560,64,256,32,240
tile=393,0,2816,64,256,32,240
tile=394,64,2816,64,256,32,240
tile=395,128,2816,64,256,32,240
tile=396,192,2816,64,256,32,240
tile=397,256,2816,64,256,32,240
tile=398,320,2816,64,256,32,240
tile=399,384,2816,64,256,32,240
tile=400,448,2816,64,256,32,240
tile=401,512,2816,64,256,32,240
tile=402,576,2816,64,256,32,240
tile=403,640,2816,64,256,32,240
tile=404,704,2816,64,256,32,240
tile=405,768,2816,64,256,32,240
tile=406,832,2816,64,256,32,240
tile=407,896,2816,64,256,32,240
tile=408,960,2816,64,256,32,240
tile=409,1024,2816,64,256,32,240
tile=410,1088,2816,64,256,32,240
tile=411,1152,2816,64,256,32,240
tile=412,1216,2816,64,256,32,240
tile=413,1280,2816,64,256,32,240
tile=414,1344,2816,64,256,32,240
tile=415,1408,2816,64,256,32,240
tile=416,1472,2816,64,256,32,240
tile=417,1536,2816,64,256,32,240
tile=418,1600,2816,64,256,32,240
tile=419,1664,2816,64,256,32,240
tile=420,1728,2816,64,256,32,240
tile=421,1792,2816,64,256,32,240
tile=422,1856,2816,64,256,32,240
tile=423,1920,2816,64,256,32,240
tile=424,1984,2816,64,256,32,240
tile=425,0,3072,64,256,32,240
tile=426,64,3072,64,256,32,240
tile=427,128,3072,64,256,32,240
tile=428,192,3072,64,256,32,240
tile=429,256,3072,64,256,32,240
tile=430,320,3072,64,256,32,240
tile=431,384,3072,64,256,32,240
tile=432,448,3072,64,256,32,240
tile=433,512,3072,64,256,32,240
tile=434,576,3072,64,256,32,240
tile=435,640,3072,64,256,32,240
tile=436,704,3072,64,256,32,240
tile=437,768,3072,64,256,32,240
tile=438,832,3072,64,256,32,240
tile=439,896,3072,64,256,32,240
tile=440,960,3072,64,256,32,240
tile=441,1024,3072,64,256,32,240
tile=442,1088,3072,64,256,32,240
tile=443,1152,3072,64,256,32,240
tile=444,1216,3072,64,256,32,240
tile=445,1280,3072,64,256,32,240
tile=446,1344,3072,64,256,32,240
tile=447,1408,3072,64,256,32,240
tile=448,1472,3072,64,256,32,240
tile=449,1536,3072,64,256,32,240
tile=450,1600,3072,64,256,32,240
tile=451,1664,3072,64,256,32,240
tile=452,1728,3072,64,256,32,240
tile=453,1792,3072,64,256,32,240
tile=454,1856,3072,64,256,32,240
tile=455,1920,3072,64,256,32,240
tile=456,1984,3072,64,256,32,240
tile=457,0,3328,64,256,32,240
tile=458,64,3328,64,256,32,240
tile=459,128,3328,64,256,32,240
tile=460,192,3328,64,256,32,240
tile=461,256,3328,64,256,32,240
tile=462,320,3328,64,256,32,240
tile=463,384,3328,64,256,32,240
tile=464,448,3328,64,256,32,240
tile=465,512,3328,64,256,32,240
tile=466,576,3328,64,256,32,240
tile=467,640,3328,64,256,32,240
tile=468,704,3328,64,256,32,240
tile=469,768,3328,64,256,32,240
tile=470,832,3328,64,256,32,240
tile=471,896,3328,64,256,32,240
tile=472,960,3328,64,256,32,240
tile=473,1024,3328,64,256,32,240
tile=474,1088,3328,64,256,32,240
tile=475,1152,3328,64,256,32,240
tile=476,1216,3328,64,256,32,240
tile=477,1280,3328,64,256,32,240
tile=478,1344,3328,64,256,32,240
tile=479,1408,3328,64,256,32,240
tile=480,1472,3328,64,256,32,240
tile=481,1536,3328,64,256,32,240
tile=482,1600,3328,64,256,32,240
tile=483,1664,3328,64,256,32,240
tile=484,1728,3328,64,256,32,240
tile=485,1792,3328,64,256,32,240
tile=486,1856,3328,64,256,32,240
tile=487,1920,3328,64,256,32,240
tile=488,1984,3328,64,256,32,240
tile=489,0,3584,64,256,32,240
tile=490,64,3584,64,256,32,240
tile=491,128,3584,64,256,32,240
tile=492,192,3584,64,256,32,240
tile=493,256,3584,64,256,32,240
tile=494,320,3584,64,256,32,240
tile=495,384,3584,64,256,32,240
tile=496,448,3584,64,256,32,240
