img=images/tilesets/tileset_catacombs.png

tile=41,0,0,64,160,32,144
tile=42,64,0,64,160,32,144
tile=43,128,0,64,160,32,144
tile=44,192,0,64,160,32,144
tile=45,256,0,64,160,32,144
tile=46,320,0,64,160,32,144
tile=47,384,0,64,160,32,144
tile=48,448,0,64,160,32,144
tile=49,512,0,64,160,32,144
tile=50,576,0,64,160,32,144
tile=51,640,0,64,160,32,144
tile=52,704,0,64,160,32,144
tile=53,768,0,64,160,32,144
tile=54,832,0,64,160,32,144
tile=55,896,0,64,160,32,144
tile=56,960,0,64,160,32,144
tile=57,1024,0,64,160,32,144
tile=58,1088,0,64,160,32,144
tile=59,1152,0,64,160,32,144
tile=60,1216,0,64,160,32,144
tile=61,1280,0,64,160,32,144
tile=62,1344,0,64,160,32,144
tile=63,1408,0,64,160,32,144
tile=64,1472,0,64,160,32,144
tile=65,1536,0,64,160,32,144
tile=66,1600,0,64,160,32,144
tile=67,1664,0,64,160,32,144
tile=68,1728,0,64,160,32,144
tile=69,1792,0,64,160,32,144
tile=70,1856,0,64,160,32,144
tile=71,1920,0,64,160,32,144
tile=72,1984,0,64,160,32,144
tile=73,2048,0,64,160,32,144
tile=74,2112,0,64,160,32,144
tile=75,2176,0,64,160,32,144
tile=76,0,160,64,160,32,144
tile=77,64,160,64,160,32,144
tile=78,128,160,64,160,32,144
tile=79,192,160,64,160,32,144
tile=80,256,160,64,160,32,144
tile=81,320,160,64,160,32,144
tile=82,384,160,64,160,32,144
tile=83,448,160,64,160,32,144
tile=84,512,160,64,160,32,144
tile=85,576,160,64,160,32,144
tile=86,640,160,64,160,32,144
tile=87,704,160,64,160,32,144
tile=88,768,160,64,160,32,144
tile=89,832,160,64,160,32,144
tile=90,896,160,64,160,32,144
tile=91,960,160,64,160,32,144
tile=92,1024,160,64,160,32,144
tile=93,1088,160,64,160,32,144
tile=94,1152,160,64,160,32,144
tile=95,1216,160,64,160,32,144
tile=96,1280,160,64,160,32,144
tile=97,1344,160,64,160,32,144
tile=98,1408,160,64,160,32,144
tile=99,1472,160,64,160,32,144
tile=100,1536,160,64,160,32,144
tile=101,1600,160,64,160,32,144
tile=102,1664,160,64,160,32,144
tile=103,1728,160,64,160,32,144
tile=104,1792,160,64,160,32,144
tile=105,1856,160,64,160,32,144
tile=106,1920,160,64,160,32,144
tile=107,1984,160,64,160,32,144
tile=108,2048,160,64,160,32,144
tile=109,2112,160,64,160,32,144
tile=110,2176,160,64,160,32,144
tile=111,0,320,64,160,32,144
tile=112,64,320,64,160,32,144
tile=113,128,320,64,160,32,144
tile=114,192,320,64,160,32,144
tile=115,256,320,64,160,32,144
tile=116,320,320,64,160,32,144
tile=117,384,320,64,160,32,144
tile=118,448,320,64,160,32,144
tile=119,512,320,64,160,32,144
tile=120,576,320,64,160,32,144
tile=121,640,320,64,160,32,144
tile=122,704,320,64,160,32,144
tile=123,768,320,64,160,32,144
tile=124,832,320,64,160,32,144
tile=125,896,320,64,160,32,144
tile=126,960,320,64,160,32,144
tile=127,1024,320,64,160,32,144
tile=128,1088,320,64,160,32,144
tile=129,1152,320,64,160,32,144
tile=130,1216,320,64,160,32,144
tile=131,1280,320,64,160,32,144
tile=132,1344,320,64,160,32,144
tile=133,1408,320,64,160,32,144
tile=134,1472,320,64,160,32,144
tile=135,1536,320,64,160,32,144
tile=136,1600,320,64,160,32,144
tile=137,1664,320,64,160,32,144
tile=138,1728,320,64,160,32,144
tile=139,1792,320,64,160,32,144
tile=140,1856,320,64,160,32,144
tile=141,1920,320,64,160,32,144
tile=142,1984,320,64,160,32,144
tile=143,2048,320,64,160,32,144
tile=144,2112,320,64,160,32,144
tile=145,2176,320,64,160,32,144
tile=146,0,480,64,160,32,144
tile=147,64,480,64,160,32,144
tile=148,128,480,64,160,32,144
tile=149,192,480,64,160,32,144
tile=150,256,480,64,160,32,144
tile=151,320,480,64,160,32,144
tile=152,384,480,64,160,32,144
tile=153,448,480,64,160,32,144
tile=154,512,480,64,160,32,144
tile=155,576,480,64,160,32,144
tile=156,640,480,64,160,32,144
tile=157,704,480,64,160,32,144
tile=158,768,480,64,160,32,144
tile=159,832,480,64,160,32,144
tile=160,896,480,64,160,32,144
tile=161,960,480,64,160,32,144
tile=162,1024,480,64,160,32,144
tile=163,1088,480,64,160,32,144
tile=164,1152,480,64,160,32,144
tile=165,1216,480,64,160,32,144
tile=166,1280,480,64,160,32,144
tile=167,1344,480,64,160,32,144
tile=168,1408,480,64,160,32,144
tile=169,1472,480,64,160,32,144
tile=170,1536,480,64,160,32,144
tile=171,1600,480,64,160,32,144
tile=172,1664,480,64,160,32,144
tile=173,1728,480,64,160,32,144
tile=174,1792,480,64,160,32,144
tile=175,1856,480,64,160,32,144
tile=176,1920,480,64,160,32,144
tile=177,1984,480,64,160,32,144
tile=178,2048,480,64,160,32,144
tile=179,2112,480,64,160,32,144
tile=180,2176,480,64,160,32,144
tile=181,0,640,64,160,32,144
tile=182,64,640,64,160,32,144
tile=183,128,640,64,160,32,144
tile=184,192,640,64,160,32,144
tile=185,256,640,64,160,32,144
tile=186,320,640,64,160,32,144
tile=187,384,640,64,160,32,144
tile=188,448,640,64,160,32,144
tile=189,512,640,64,160,32,144
tile=190,576,640,64,160,32,144
tile=191,640,640,64,160,32,144
tile=192,704,640,64,160,32,144
tile=193,768,640,64,160,32,144
tile=194,832,640,64,160,32,144
tile=195,896,640,64,160,32,144
tile=196,960,640,64,160,32,144
tile=197,1024,640,64,160,32,144
tile=198,1088,640,64,160,32,144
tile=199,1152,640,64,160,32,144
tile=200,1216,640,64,160,32,144
tile=201,1280,640,64,160,32,144
tile=202,1344,640,64,160,32,144
tile=203,1408,640,64,160,32,144
tile=204,1472,640,64,160,32,144
tile=205,1536,640,64,160,32,144
tile=206,1600,640,64,160,32,144
tile=207,1664,640,64,160,32,144
tile=208,1728,640,64,160,32,144
tile=209,1792,640,64,160,32,144
tile=210,1856,640,64,160,32,144
tile=211,1920,640,64,160,32,144
tile=212,1984,640,64,160,32,144
tile=213,2048,640,64,160,32,144
tile=214,2112,640,64,160,32,144
tile=215,2176,640,64,160,32,144
tile=216,0,800,64,160,32,144
tile=217,64,800,64,160,32,144
tile=218,128,800,64,160,32,144
tile=219,192,800,64,160,32,144
tile=220,256,800,64,160,32,144
tile=221,320,800,64,160,32,144
tile=222,384,800,64,160,32,144
tile=223,448,800,64,160,32,144
tile=224,512,800,64,160,32,144
tile=225,576,800,64,160,32,144
tile=226,640,800,64,160,32,144
tile=227,704,800,64,160,32,144
tile=228,768,800,64,160,32,144
tile=229,832,800,64,160,32,144
tile=230,896,800,64,160,32,144
tile=231,960,800,64,160,32,144
tile=232,1024,800,64,160,32,144
tile=233,1088,800,64,160,32,144
tile=234,1152,800,64,160,32,144
tile=235,1216,800,64,160,32,144
tile=236,1280,800,64,160,32,144
tile=237,1344,800,64,160,32,144
tile=238,1408,800,64,160,32,144
tile=239,1472,800,64,160,32,144
tile=240,1536,800,64,160,32,144
tile=241,1600,800,64,160,32,144
tile=242,1664,800,64,160,32,144
tile=243,1728,800,64,160,32,144
tile=244,1792,800,64,160,32,144
tile=245,1856,800,64,160,32,144
tile=246,1920,800,64,160,32,144
tile=247,1984,800,64,160,32,144
tile=248,2048,800,64,160,32,144
tile=249,2112,800,64,160,32,144
tile=250,2176,800,64,160,32,144
tile=251,0,960,64,160,32,144
tile=252,64,960,64,160,32,144
tile=253,128,960,64,160,32,144
tile=254,192,960,64,160,32,144
tile=255,256,960,64,160,32,144
tile=256,320,960,64,160,32,144
tile=257,384,960,64,160,32,144
tile=258,448,960,64,160,32,144
tile=259,512,960,64,160,32,144
tile=260,576,960,64,160,32,144
tile=261,640,960,64,160,32,144
tile=262,704,960,64,160,32,144
tile=263,768,960,64,160,32,144
tile=264,832,960,64,160,32,144
tile=265,896,960,64,160,32,144
tile=266,960,960,64,160,32,144
tile=267,1024,960,64,160,32,144
tile=268,1088,960,64,160,32,144
tile=269,1152,960,64,160,32,144
tile=270,1216,960,64,160,32,144
tile=271,1280,960,64,160,32,144
tile=272,1344,960,64,160,32,144
tile=273,1408,960,64,160,32,144
tile=274,1472,960,64,160,32,144
tile=275,1536,960,64,160,32,144
tile=276,1600,960,64,160,32,144
tile=277,1664,960,64,160,32,144
tile=278,1728,960,64,160,32,144
tile=279,1792,960,64,160,32,144
tile=280,1856,960,64,160,32,144
tile=281,1920,960,64,160,32,144
tile=282,1984,960,64,160,32,144
tile=283,2048,960,64,160,32,144
tile=284,2112,960,64,160,32,144
tile=285,2176,960,64,160,32,144
tile=286,0,1120,64,160,32,144
tile=287,64,1120,64,160,32,144
tile=288,128,1120,64,160,32,144
tile=289,192,1120,64,160,32,144
tile=290,256,1120,64,160,32,144
tile=291,320,1120,64,160,32,144
tile=292,384,1120,64,160,32,144
tile=293,448,1120,64,160,32,144
tile=294,512,1120,64,160,32,144
tile=295,576,1120,64,160,32,144
tile=296,640,1120,64,160,32,144
tile=297,704,1120,64,160,32,144
tile=298,768,1120,64,160,32,144
tile=299,832,1120,64,160,32,144
tile=300,896,1120,64,160,32,144
tile=301,960,1120,64,160,32,144
tile=302,1024,1120,64,160,32,144
tile=303,1088,1120,64,160,32,144
tile=304,1152,1120,64,160,32,144
tile=305,1216,1120,64,160,32,144
tile=306,1280,1120,64,160,32,144
tile=307,1344,1120,64,160,32,144
tile=308,1408,1120,64,160,32,144
tile=309,1472,1120,64,160,32,144
tile=310,1536,1120,64,160,32,144
tile=311,1600,1120,64,160,32,144
tile=312,1664,1120,64,160,32,144
tile=313,1728,1120,64,160,32,144
tile=314,1792,1120,64,160,32,144
tile=315,1856,1120,64,160,32,144
tile=316,1920,1120,64,160,32,144
tile=317,1984,1120,64,160,32,144
tile=318,2048,1120,64,160,32,144
tile=319,2112,1120,64,160,32,144
tile=320,2176,1120,64,160,32,144
tile=321,0,1280,64,160,32,144
tile=322,64,1280,64,160,32,144
tile=323,128,1280,64,160,32,144
tile=324,192,1280,64,160,32,144
tile=325,256,1280,64,160,32,144
tile=326,320,1280,64,160,32,144
tile=327,384,1280,64,160,32,144
tile=328,448,1280,64,160,32,144
tile=329,512,1280,64,160,32,144
tile=330,576,1280,64,160,32,144
tile=331,640,1280,64,160,32,144
tile=332,704,1280,64,160,32,144
tile=333,768,1280,64,160,32,144
tile=334,832,1280,64,160,32,144
tile=335,896,1280,64,160,32,144
tile=336,960,1280,64,160,32,144
tile=337,1024,1280,64,160,32,144
tile=338,1088,1280,64,160,32,144
tile=339,1152,1280,64,160,32,144
tile=340,1216,1280,64,160,32,144
tile=341,1280,1280,64,160,32,144
tile=342,1344,1280,64,160,32,144
tile=343,1408,1280,64,160,32,144
tile=344,1472,1280,64,160,32,144
tile=345,1536,1280,64,160,32,144
tile=346,1600,1280,64,160,32,144
tile=347,1664,1280,64,160,32,144
tile=348,1728,1280,64,160,32,144
tile=349,1792,1280,64,160,32,144
tile=350,1856,1280,64,160,32,144
tile=351,1920,1280,64,160,32,144
tile=352,1984,1280,64,160,32,144
tile=353,2048,1280,64,160,32,144
tile=354,2112,1280,64,160,32,144
tile=355,2176,1280,64,160,32,144
tile=356,0,1440,64,160,32,144
tile=357,64,1440,64,160,32,144
tile=358,128,1440,64,160,32,144
tile=359,192,1440,64,160,32,144
tile=360,256,1440,64,160,32,144
tile=361,320,1440,64,160,32,144
tile=362,384,1440,64,160,32,144
tile=363,448,1440,64,160,32,144
tile=364,512,1440,64,160,32,144
tile=365,576,1440,64,160,32,144
tile=366,640,1440,64,160,32,144
tile=367,704,1440,64,160,32,144
tile=368,768,1440,64,160,32,144
tile=369,832,1440,64,160,32,144
tile=370,896,1440,64,160,32,144
tile=371,960,1440,64,160,32,144
tile=372,1024,1440,64,160,32,144
tile=373,1088,1440,64,160,32,144
tile=374,1152,1440,64,160,32,144
tile=375,1216,1440,64,160,32,144
tile=376,1280,1440,64,160,32,144
tile=377,1344,1440,64,160,32,144
tile=378,1408,1440,64,160,32,144
tile=379,1472,1440,64,160,32,144
tile=380,1536,1440,64,160,32,144
tile=381,1600,1440,64,160,32,144
tile=382,1664,1440,64,160,32,144
tile=383,1728,1440,64,160,32,144
tile=384,1792,1440,64,160,32,144
tile=385,1856,1440,64,160,32,144
tile=386,1920,1440,64,160,32,144
tile=387,1984,1440,64,160,32,144
tile=388,2048,1440,64,160,32,144
tile=389,2112,1440,64,160,32,144
tile=390,2176,1440,64,160,32,144
tile=391,0,1600,64,160,32,144
tile=392,64,1600,64,160,32,144
tile=393,128,1600,64,160,32,144
tile=394,192,1600,64,160,32,144
tile=395,256,1600,64,160,32,144
tile=396,320,1600,64,160,32,144
tile=397,384,1600,64,160,32,144
tile=398,448,1600,64,160,32,144
tile=399,512,1600,64,160,32,144
tile=400,576,1600,64,160,32,144
tile=401,640,1600,64,160,32,144
tile=402,704,1600,64,160,32,144
tile=403,768,1600,64,160,32,144
tile=404,832,1600,64,160,32,144
tile=405,896,1600,64,160,32,144
tile=406,960,1600,64,160,32,144
tile=407,1024,1600,64,160,32,144
tile=408,1088,1600,64,160,32,144
tile=409,1152,1600,64,160,32,144
tile=410,1216,1600,64,160,32,144
tile=411,1280,1600,64,160,32,144
tile=412,1344,1600,64,160,32,144
tile=413,1408,1600,64,160,32,144
tile=414,1472,1600,64,160,32,144
tile=415,1536,1600,64,160,32,144
tile=416,1600,1600,64,160,32,144
tile=417,1664,1600,64,160,32,144
tile=418,1728,1600,64,160,32,144
tile=419,1792,1600,64,160,32,144
tile=420,1856,1600,64,160,32,144
tile=421,1920,1600,64,160,32,144
tile=422,1984,1600,64,160,32,144
tile=423,2048,1600,64,160,32,144
tile=424,2112,1600,64,160,32,144
tile=425,2176,1600,64,160,32,144
tile=426,0,1760,64,160,32,144
tile=427,64,1760,64,160,32,144
tile=428,128,1760,64,160,32,144
tile=429,192,1760,64,160,32,144
tile=430,256,1760,64,160,32,144
tile=431,320,1760,64,160,32,144
tile=432,384,1760,64,160,32,144
tile=433,448,1760,64,160,32,144
tile=434,512,1760,64,160,32,144
tile=435,576,1760,64,160,32,144
tile=436,640,1760,64,160,32,144
tile=437,704,1760,64,160,32,144
tile=438,768,1760,64,160,32,144
tile=439,832,1760,64,160,32,144
tile=440,896,1760,64,160,32,144
tile=441,960,1760,64,160,32,144
tile=442,1024,1760,64,160,32,144
tile=443,1088,1760,64,160,32,144
tile=444,1152,1760,64,160,32,144
tile=445,1216,1760,64,160,32,144
tile=446,1280,1760,64,160,32,144
tile=447,1344,1760,64,160,32,144
tile=448,1408,1760,64,160,32,144
tile=449,1472,1760,64,160,32,144
tile=450,1536,1760,64,160,32,144
tile=451,1600,1760,64,160,32,144
tile=452,1664,1760,64,160,32,144
tile=453,1728,1760,64,160,32,144
tile=454,1792,1760,64,160,32,144
tile=455,1856,1760,64,160,32,144
tile=456,1920,1760,64,160,32,144
tile=457,1984,1760,64,160,32,144
tile=458,2048,1760,64,160,32,144
tile=459,2112,1760,64,160,32,144
tile=460,2176,1760,64,160,32,144
tile=461,0,1920,64,160,32,144
tile=462,64,1920,64,160,32,144
tile=463,128,1920,64,160,32,144
tile=464,192,1920,64,160,32,144
tile=465,256,1920,64,160,32,144
tile=466,320,1920,64,160,32,144
tile=467,384,1920,64,160,32,144
tile=468,448,1920,64,160,32,144
tile=469,512,1920,64,160,32,144
tile=470,576,1920,64,160,32,144
tile=471,640,1920,64,160,32,144
tile=472,704,1920,64,160,32,144
tile=473,768,1920,64,160,32,144
tile=474,832,1920,64,160,32,144
tile=475,896,1920,64,160,32,144
tile=476,960,1920,64,160,32,144
tile=477,1024,1920,64,160,32,144
tile=478,1088,1920,64,160,32,144
tile=479,1152,1920,64,160,32,144
tile=480,1216,1920,64,160,32,144
tile=481,1280,1920,64,160,32,144
tile=482,1344,1920,64,160,32,144
tile=483,1408,1920,64,160,32,144
tile=484,1472,1920,64,160,32,144
tile=485,1536,1920,64,160,32,144
tile=486,1600,1920,64,160,32,144
tile=487,1664,1920,64,160,32,144
tile=488,1728,1920,64,160,32,144
tile=489,1792,1920,64,160,32,144
tile=490,1856,1920,64,160,32,144
tile=491,1920,1920,64,160,32,144
tile=492,1984,1920,64,160,32,144
tile=493,2048,1920,64,160,32,144
tile=494,2112,1920,64,160,32,144
tile=495,2176,1920,64,160,32,144
tile=496,0,2080,64,160,32,144
tile=497,64,2080,64,160,32,144
tile=498,128,2080,64,160,32,144
tile=499,192,2080,64,160,32,144
tile=500,256,2080,64,160,32,144
tile=501,320,2080,64,160,32,144
tile=502,384,2080,64,160,32,144
tile=503,448,2080,64,160,32,144
tile=504,512,2080,64,160,32,144
tile=505,576,2080,64,160,32,144
tile=506,640,2080,64,160,32,144
tile=507,704,2080,64,160,32,144
tile=508,768,2080,64,160,32,144
tile=509,832,2080,64,160,32,144
tile=510,896,2080,64,160,32,144
tile=511,960,2080,64,160,32,144
tile=512,1024,2080,64,160,32,144
tile=513,1088,2080,64,160,32,144
tile=514,1152,2080,64,160,32,144
tile=515,1216,2080,64,160,32,144
tile=516,1280,2080,64,160,32,144
tile=517,1344,2080,64,160,32,144
tile=518,1408,2080,64,160,32,144
tile=519,1472,2080,64,160,32,144
tile=520,1536,2080,64,160,32,144
tile=521,1600,2080,64,160,32,144
tile=522,1664,2080,64,160,32,144
tile=523,1728,2080,64,160,32,144
tile=524,1792,2080,64,160,32,144
tile=525,1856,2080,64,160,32,144
tile=526,1920,2080,64,160,32,144
tile=527,1984,2080,64,160,32,144
tile=528,2048,2080,64,160,32,144
tile=529,2112,2080,64,160,32,144
tile=530,2176,2080,64,160,32,144
tile=531,0,2240,64,160,32,144
tile=532,64,2240,64,160,32,144
tile=533,128,2240,64,160,32,144
tile=534,192,2240,64,160,32,144
tile=535,256,2240,64,160,32,144
tile=536,320,2240,64,160,32,144
tile=537,384,2240,64,160,32,144
tile=538,448,2240,64,160,32,144
tile=539,512,2240,64,160,32,144
tile=540,576,2240,64,160,32,144
tile=541,640,2240,64,160,32,144
tile=542,704,2240,64,160,32,144
tile=543,768,2240,64,160,32,144
tile=544,832,2240,64,160,32,144
tile=545,896,2240,64,160,32,144
tile=546,960,2240,64,160,32,144
tile=547,1024,2240,64,160,32,144
tile=548,1088,2240,64,160,32,144
tile=549,1152,2240,64,160,32,144
tile=550,1216,2240,64,160,32,144
tile=551,1280,2240,64,160,32,144
tile=552,1344,2240,64,160,32,144
tile=553,1408,2240,64,160,32,144
tile=554,1472,2240,64,160,32,144
tile=555,1536,2240,64,160,32,144
tile=556,1600,2240,64,160,32,144
tile=557,1664,2240,64,160,32,144
tile=558,1728,2240,64,160,32,144
tile=559,1792,2240,64,160,32,144
tile=560,1856,2240,64,160,32,144
tile=561,1920,2240,64,160,32,144
tile=562,1984,2240,64,160,32,144
tile=563,2048,2240,64,160,32,144
tile=564,2112,2240,64,160,32,144
tile=565,2176,2240,64,160,32,144
tile=566,0,2400,64,160,32,144
tile=567,64,2400,64,160,32,144
tile=568,128,2400,64,160,32,144
tile=569,192,2400,64,160,32,144
tile=570,256,2400,64,160,32,144
tile=571,320,2400,64,160,32,144
tile=572,384,2400,64,160,32,144
tile=573,448,2400,64,160,32,144
tile=574,512,2400,64,160,32,144
tile=575,576,2400,64,160,32,144
tile=576,640,2400,64,160,32,144
tile=577,704,2400,64,160,32,144
tile=578,768,2400,64,160,32,144
tile=579,832,2400,64,160,32,144
tile=580,896,2400,64,160,32,144
tile=581,960,2400,64,160,32,144
tile=582,1024,2400,64,160,32,144
tile=583,1088,2400,64,160,32,144
tile=584,1152,2400,64,160,32,144
tile=585,1216,2400,64,160,32,144
tile=586,1280,2400,64,160,32,144
tile=587,1344,2400,64,160,32,144
tile=588,1408,2400,64,160,32,144
tile=589,1472,2400,64,160,32,144
tile=590,1536,2400,64,160,32,144
tile=591,1600,2400,64,160,32,144
tile=592,1664,2400,64,160,32,144
tile=593,1728,2400,64,160,32,144
tile=594,1792,2400,64,160,32,144
tile=595,1856,2400,64,160,32,144
tile=596,1920,2400,64,160,32,144
tile=597,1984,2400,64,160,32,144
tile=598,2048,2400,64,160,32,144
tile=599,2112,2400,64,160,32,144
