img=images/tilesets/tileset_tristram.png

tile=41,0,0,64,256,32,240
tile=42,64,0,64,256,32,240
tile=43,128,0,64,256,32,240
tile=44,192,0,64,256,32,240
tile=45,256,0,64,256,32,240
tile=46,320,0,64,256,32,240
tile=47,384,0,64,256,32,240
tile=48,448,0,64,256,32,240
tile=49,512,0,64,256,32,240
tile=50,576,0,64,256,32,240
tile=51,640,0,64,256,32,240
tile=52,704,0,64,256,32,240
tile=53,768,0,64,256,32,240
tile=54,832,0,64,256,32,240
tile=55,896,0,64,256,32,240
tile=56,960,0,64,256,32,240
tile=57,1024,0,64,256,32,240
tile=58,1088,0,64,256,32,240
tile=59,1152,0,64,256,32,240
tile=60,1216,0,64,256,32,240
tile=61,1280,0,64,256,32,240
tile=62,1344,0,64,256,32,240
tile=63,1408,0,64,256,32,240
tile=64,1472,0,64,256,32,240
tile=65,1536,0,64,256,32,240
tile=66,1600,0,64,256,32,240
tile=67,1664,0,64,256,32,240
tile=68,1728,0,64,256,32,240
tile=69,1792,0,64,256,32,240
tile=70,1856,0,64,256,32,240
tile=71,1920,0,64,256,32,240
tile=72,1984,0,64,256,32,240
tile=73,2048,0,64,256,32,240
tile=74,2112,0,64,256,32,240
tile=75,2176,0,64,256,32,240
tile=76,2240,0,64,256,32,240
tile=77,2304,0,64,256,32,240
tile=78,2368,0,64,256,32,240
tile=79,2432,0,64,256,32,240
tile=80,2496,0,64,256,32,240
tile=81,2560,0,64,256,32,240
tile=82,2624,0,64,256,32,240
tile=83,2688,0,64,256,32,240
tile=84,2752,0,64,256,32,240
tile=85,2816,0,64,256,32,240
tile=86,2880,0,64,256,32,240
tile=87,2944,0,64,256,32,240
tile=88,3008,0,64,256,32,240
tile=89,3072,0,64,256,32,240
tile=90,3136,0,64,256,32,240
tile=91,3200,0,64,256,32,240
tile=92,3264,0,64,256,32,240
tile=93,3328,0,64,256,32,240
tile=94,3392,0,64,256,32,240
tile=95,3456,0,64,256,32,240
tile=96,3520,0,64,256,32,240
tile=97,3584,0,64,256,32,240
tile=98,3648,0,64,256,32,240
tile=99,3712,0,64,256,32,240
tile=100,3776,0,64,256,32,240
tile=101,3840,0,64,256,32,240
tile=102,3904,0,64,256,32,240
tile=103,3968,0,64,256,32,240
tile=104,4032,0,64,256,32,240
tile=105,4096,0,64,256,32,240
tile=106,4160,0,64,256,32,240
tile=107,4224,0,64,256,32,240
tile=108,4288,0,64,256,32,240
tile=109,4352,0,64,256,32,240
tile=110,4416,0,64,256,32,240
tile=111,4480,0,64,256,32,240
tile=112,4544,0,64,256,32,240
tile=113,4608,0,64,256,32,240
tile=114,4672,0,64,256,32,240
tile=115,4736,0,64,256,32,240
tile=116,4800,0,64,256,32,240
tile=117,4864,0,64,256,32,240
tile=118,4928,0,64,256,32,240
tile=119,4992,0,64,256,32,240
tile=120,0,256,64,256,32,240
tile=121,64,256,64,256,32,240
tile=122,128,256,64,256,32,240
tile=123,192,256,64,256,32,240
tile=124,256,256,64,256,32,240
tile=125,320,256,64,256,32,240
tile=126,384,256,64,256,32,240
tile=127,448,256,64,256,32,240
tile=128,512,256,64,256,32,240
tile=129,576,256,64,256,32,240
tile=130,640,256,64,256,32,240
tile=131,704,256,64,256,32,240
tile=132,768,256,64,256,32,240
tile=133,832,256,64,256,32,240
tile=134,896,256,64,256,32,240
tile=135,960,256,64,256,32,240
tile=136,1024,256,64,256,32,240
tile=137,1088,256,64,256,32,240
tile=138,1152,256,64,256,32,240
tile=139,1216,256,64,256,32,240
tile=140,1280,256,64,256,32,240
tile=141,1344,256,64,256,32,240
tile=142,1408,256,64,256,32,240
tile=143,1472,256,64,256,32,240
tile=144,1536,256,64,256,32,240
tile=145,1600,256,64,256,32,240
tile=146,1664,256,64,256,32,240
tile=147,1728,256,64,256,32,240
tile=148,1792,256,64,256,32,240
tile=149,1856,256,64,256,32,240
tile=150,1920,256,64,256,32,240
tile=151,1984,256,64,256,32,240
tile=152,2048,256,64,256,32,240
tile=153,2112,256,64,256,32,240
tile=154,2176,256,64,256,32,240
tile=155,2240,256,64,256,32,240
tile=156,2304,256,64,256,32,240
tile=157,2368,256,64,256,32,240
tile=158,2432,256,64,256,32,240
tile=159,2496,256,64,256,32,240
tile=160,2560,256,64,256,32,240
tile=161,2624,256,64,256,32,240
tile=162,2688,256,64,256,32,240
tile=163,2752,256,64,256,32,240
tile=164,2816,256,64,256,32,240
tile=165,2880,256,64,256,32,240
tile=166,2944,256,64,256,32,240
tile=167,3008,256,64,256,32,240
tile=168,3072,256,64,256,32,240
tile=169,3136,256,64,256,32,240
tile=170,3200,256,64,256,32,240
tile=171,3264,256,64,256,32,240
tile=172,3328,256,64,256,32,240
tile=173,3392,256,64,256,32,240
tile=174,3456,256,64,256,32,240
tile=175,3520,256,64,256,32,240
tile=176,3584,256,64,256,32,240
tile=177,3648,256,64,256,32,240
tile=178,3712,256,64,256,32,240
tile=179,3776,256,64,256,32,240
tile=180,3840,256,64,256,32,240
tile=181,3904,256,64,256,32,240
tile=182,3968,256,64,256,32,240
tile=183,4032,256,64,256,32,240
tile=184,4096,256,64,256,32,240
tile=185,4160,256,64,256,32,240
tile=186,4224,256,64,256,32,240
tile=187,4288,256,64,256,32,240
tile=188,4352,256,64,256,32,240
tile=189,4416,256,64,256,32,240
tile=190,4480,256,64,256,32,240
tile=191,4544,256,64,256,32,240
tile=192,4608,256,64,256,32,240
tile=193,4672,256,64,256,32,240
tile=194,4736,256,64,256,32,240
tile=195,4800,256,64,256,32,240
tile=196,4864,256,64,256,32,240
tile=197,4928,256,64,256,32,240
tile=198,4992,256,64,256,32,240
tile=199,0,512,64,256,32,240
tile=200,64,512,64,256,32,240
tile=201,128,512,64,256,32,240
tile=202,192,512,64,256,32,240
tile=203,256,512,64,256,32,240
tile=204,320,512,64,256,32,240
tile=205,384,512,64,256,32,240
tile=206,448,512,64,256,32,240
tile=207,512,512,64,256,32,240
tile=208,576,512,64,256,32,240
tile=209,640,512,64,256,32,240
tile=210,704,512,64,256,32,240
tile=211,768,512,64,256,32,240
tile=212,832,512,64,256,32,240
tile=213,896,512,64,256,32,240
tile=214,960,512,64,256,32,240
tile=215,1024,512,64,256,32,240
tile=216,1088,512,64,256,32,240
tile=217,1152,512,64,256,32,240
tile=218,1216,512,64,256,32,240
tile=219,1280,512,64,256,32,240
tile=220,1344,512,64,256,32,240
tile=221,1408,512,64,256,32,240
tile=222,1472,512,64,256,32,240
tile=223,1536,512,64,256,32,240
tile=224,1600,512,64,256,32,240
tile=225,1664,512,64,256,32,240
tile=226,1728,512,64,256,32,240
tile=227,1792,512,64,256,32,240
tile=228,1856,512,64,256,32,240
tile=229,1920,512,64,256,32,240
tile=230,1984,512,64,256,32,240
tile=231,2048,512,64,256,32,240
tile=232,2112,512,64,256,32,240
tile=233,2176,512,64,256,32,240
tile=234,2240,512,64,256,32,240
tile=235,2304,512,64,256,32,240
tile=236,2368,512,64,256,32,240
tile=237,2432,512,64,256,32,240
tile=238,2496,512,64,256,32,240
tile=239,2560,512,64,256,32,240
tile=240,2624,512,64,256,32,240
tile=241,2688,512,64,256,32,240
tile=242,2752,512,64,256,32,240
tile=243,2816,512,64,256,32,240
tile=244,2880,512,64,256,32,240
tile=245,2944,512,64,256,32,240
tile=246,3008,512,64,256,32,240
tile=247,3072,512,64,256,32,240
tile=248,3136,512,64,256,32,240
tile=249,3200,512,64,256,32,240
tile=250,3264,512,64,256,32,240
tile=251,3328,512,64,256,32,240
tile=252,3392,512,64,256,32,240
tile=253,3456,512,64,256,32,240
tile=254,3520,512,64,256,32,240
tile=255,3584,512,64,256,32,240
tile=256,3648,512,64,256,32,240
tile=257,3712,512,64,256,32,240
tile=258,3776,512,64,256,32,240
tile=259,3840,512,64,256,32,240
tile=260,3904,512,64,256,32,240
tile=261,3968,512,64,256,32,240
tile=262,4032,512,64,256,32,240
tile=263,4096,512,64,256,32,240
tile=264,4160,512,64,256,32,240
tile=265,4224,512,64,256,32,240
tile=266,4288,512,64,256,32,240
tile=267,4352,512,64,256,32,240
tile=268,4416,512,64,256,32,240
tile=269,4480,512,64,256,32,240
tile=270,4544,512,64,256,32,240
tile=271,4608,512,64,256,32,240
tile=272,4672,512,64,256,32,240
tile=273,4736,512,64,256,32,240
tile=274,4800,512,64,256,32,240
tile=275,4864,512,64,256,32,240
tile=276,4928,512,64,256,32,240
tile=277,4992,512,64,256,32,240
tile=278,0,768,64,256,32,240
tile=279,64,768,64,256,32,240
tile=280,128,768,64,256,32,240
tile=281,192,768,64,256,32,240
tile=282,256,768,64,256,32,240
tile=283,320,768,64,256,32,240
tile=284,384,768,64,256,32,240
tile=285,448,768,64,256,32,240
tile=286,512,768,64,256,32,240
tile=287,576,768,64,256,32,240
tile=288,640,768,64,256,32,240
tile=289,704,768,64,256,32,240
tile=290,768,768,64,256,32,240
tile=291,832,768,64,256,32,240
tile=292,896,768,64,256,32,240
tile=293,960,768,64,256,32,240
tile=294,1024,768,64,256,32,240
tile=295,1088,768,64,256,32,240
tile=296,1152,768,64,256,32,240
tile=297,1216,768,64,256,32,240
tile=298,1280,768,64,256,32,240
tile=299,1344,768,64,256,32,240
tile=300,1408,768,64,256,32,240
tile=301,1472,768,64,256,32,240
tile=302,1536,768,64,256,32,240
tile=303,1600,768,64,256,32,240
tile=304,1664,768,64,256,32,240
tile=305,1728,768,64,256,32,240
tile=306,1792,768,64,256,32,240
tile=307,1856,768,64,256,32,240
tile=308,1920,768,64,256,32,240
tile=309,1984,768,64,256,32,240
tile=310,2048,768,64,256,32,240
tile=311,2112,768,64,256,32,240
tile=312,2176,768,64,256,32,240
tile=313,2240,768,64,256,32,240
tile=314,2304,768,64,256,32,240
tile=315,2368,768,64,256,32,240
tile=316,2432,768,64,256,32,240
tile=317,2496,768,64,256,32,240
tile=318,2560,768,64,256,32,240
tile=319,2624,768,64,256,32,240
tile=320,2688,768,64,256,32,240
tile=321,2752,768,64,256,32,240
tile=322,2816,768,64,256,32,240
tile=323,2880,768,64,256,32,240
tile=324,2944,768,64,256,32,240
tile=325,3008,768,64,256,32,240
tile=326,3072,768,64,256,32,240
tile=327,3136,768,64,256,32,240
tile=328,3200,768,64,256,32,240
tile=329,3264,768,64,256,32,240
tile=330,3328,768,64,256,32,240
tile=331,3392,768,64,256,32,240
tile=332,3456,768,64,256,32,240
tile=333,3520,768,64,256,32,240
tile=334,3584,768,64,256,32,240
tile=335,3648,768,64,256,32,240
tile=336,3712,768,64,256,32,240
tile=337,3776,768,64,256,32,240
tile=338,3840,768,64,256,32,240
tile=339,3904,768,64,256,32,240
tile=340,3968,768,64,256,32,240
tile=341,4032,768,64,256,32,240
tile=342,4096,768,64,256,32,240
tile=343,4160,768,64,256,32,240
tile=344,4224,768,64,256,32,240
tile=345,4288,768,64,256,32,240
tile=346,4352,768,64,256,32,240
tile=347,4416,768,64,256,32,240
tile=348,4480,768,64,256,32,240
tile=349,4544,768,64,256,32,240
tile=350,4608,768,64,256,32,240
tile=351,4672,768,64,256,32,240
tile=352,4736,768,64,256,32,240
tile=353,4800,768,64,256,32,240
tile=354,4864,768,64,256,32,240
tile=355,4928,768,64,256,32,240
tile=356,4992,768,64,256,32,240
tile=357,0,1024,64,256,32,240
tile=358,64,1024,64,256,32,240
tile=359,128,1024,64,256,32,240
tile=360,192,1024,64,256,32,240
tile=361,256,1024,64,256,32,240
tile=362,320,1024,64,256,32,240
tile=363,384,1024,64,256,32,240
tile=364,448,1024,64,256,32,240
tile=365,512,1024,64,256,32,240
tile=366,576,1024,64,256,32,240
tile=367,640,1024,64,256,32,240
tile=368,704,1024,64,256,32,240
tile=369,768,1024,64,256,32,240
tile=370,832,1024,64,256,32,240
tile=371,896,1024,64,256,32,240
tile=372,960,1024,64,256,32,240
tile=373,1024,1024,64,256,32,240
tile=374,1088,1024,64,256,32,240
tile=375,1152,1024,64,256,32,240
tile=376,1216,1024,64,256,32,240
tile=377,1280,1024,64,256,32,240
tile=378,1344,1024,64,256,32,240
tile=379,1408,1024,64,256,32,240
tile=380,1472,1024,64,256,32,240
tile=381,1536,1024,64,256,32,240
tile=382,1600,1024,64,256,32,240
tile=383,1664,1024,64,256,32,240
tile=384,1728,1024,64,256,32,240
tile=385,1792,1024,64,256,32,240
tile=386,1856,1024,64,256,32,240
tile=387,1920,1024,64,256,32,240
tile=388,1984,1024,64,256,32,240
tile=389,2048,1024,64,256,32,240
tile=390,2112,1024,64,256,32,240
tile=391,2176,1024,64,256,32,240
tile=392,2240,1024,64,256,32,240
tile=393,2304,1024,64,256,32,240
tile=394,2368,1024,64,256,32,240
tile=395,2432,1024,64,256,32,240
tile=396,2496,1024,64,256,32,240
tile=397,2560,1024,64,256,32,240
tile=398,2624,1024,64,256,32,240
tile=399,2688,1024,64,256,32,240
tile=400,2752,1024,64,256,32,240
tile=401,2816,1024,64,256,32,240
tile=402,2880,1024,64,256,32,240
tile=403,2944,1024,64,256,32,240
tile=404,3008,1024,64,256,32,240
tile=405,3072,1024,64,256,32,240
tile=406,3136,1024,64,256,32,240
tile=407,3200,1024,64,256,32,240
tile=408,3264,1024,64,256,32,240
tile=409,3328,1024,64,256,32,240
tile=410,3392,1024,64,256,32,240
tile=411,3456,1024,64,256,32,240
tile=412,3520,1024,64,256,32,240
tile=413,3584,1024,64,256,32,240
tile=414,3648,1024,64,256,32,240
tile=415,3712,1024,64,256,32,240
tile=416,3776,1024,64,256,32,240
tile=417,3840,1024,64,256,32,240
tile=418,3904,1024,64,256,32,240
tile=419,3968,1024,64,256,32,240
tile=420,4032,1024,64,256,32,240
tile=421,4096,1024,64,256,32,240
tile=422,4160,1024,64,256,32,240
tile=423,4224,1024,64,256,32,240
tile=424,4288,1024,64,256,32,240
tile=425,4352,1024,64,256,32,240
tile=426,4416,1024,64,256,32,240
tile=427,4480,1024,64,256,32,240
tile=428,4544,1024,64,256,32,240
tile=429,4608,1024,64,256,32,240
tile=430,4672,1024,64,256,32,240
tile=431,4736,1024,64,256,32,240
tile=432,4800,1024,64,256,32,240
tile=433,4864,1024,64,256,32,240
tile=434,4928,1024,64,256,32,240
tile=435,4992,1024,64,256,32,240
tile=436,0,1280,64,256,32,240
tile=437,64,1280,64,256,32,240
tile=438,128,1280,64,256,32,240
tile=439,192,1280,64,256,32,240
tile=440,256,1280,64,256,32,240
tile=441,320,1280,64,256,32,240
tile=442,384,1280,64,256,32,240
tile=443,448,1280,64,256,32,240
tile=444,512,1280,64,256,32,240
tile=445,576,1280,64,256,32,240
tile=446,640,1280,64,256,32,240
tile=447,704,1280,64,256,32,240
tile=448,768,1280,64,256,32,240
tile=449,832,1280,64,256,32,240
tile=450,896,1280,64,256,32,240
tile=451,960,1280,64,256,32,240
tile=452,1024,1280,64,256,32,240
tile=453,1088,1280,64,256,32,240
tile=454,1152,1280,64,256,32,240
tile=455,1216,1280,64,256,32,240
tile=456,1280,1280,64,256,32,240
tile=457,1344,1280,64,256,32,240
tile=458,1408,1280,64,256,32,240
tile=459,1472,1280,64,256,32,240
tile=460,1536,1280,64,256,32,240
tile=461,1600,1280,64,256,32,240
tile=462,1664,1280,64,256,32,240
tile=463,1728,1280,64,256,32,240
tile=464,1792,1280,64,256,32,240
tile=465,1856,1280,64,256,32,240
tile=466,1920,1280,64,256,32,240
tile=467,1984,1280,64,256,32,240
tile=468,2048,1280,64,256,32,240
tile=469,2112,1280,64,256,32,240
tile=470,2176,1280,64,256,32,240
tile=471,2240,1280,64,256,32,240
tile=472,2304,1280,64,256,32,240
tile=473,2368,1280,64,256,32,240
tile=474,2432,1280,64,256,32,240
tile=475,2496,1280,64,256,32,240
tile=476,2560,1280,64,256,32,240
tile=477,2624,1280,64,256,32,240
tile=478,2688,1280,64,256,32,240
tile=479,2752,1280,64,256,32,240
tile=480,2816,1280,64,256,32,240
tile=481,2880,1280,64,256,32,240
tile=482,2944,1280,64,256,32,240
tile=483,3008,1280,64,256,32,240
tile=484,3072,1280,64,256,32,240
tile=485,3136,1280,64,256,32,240
tile=486,3200,1280,64,256,32,240
tile=487,3264,1280,64,256,32,240
tile=488,3328,1280,64,256,32,240
tile=489,3392,1280,64,256,32,240
tile=490,3456,1280,64,256,32,240
tile=491,3520,1280,64,256,32,240
tile=492,3584,1280,64,256,32,240
tile=493,3648,1280,64,256,32,240
tile=494,3712,1280,64,256,32,240
tile=495,3776,1280,64,256,32,240
tile=496,3840,1280,64,256,32,240
tile=497,3904,1280,64,256,32,240
tile=498,3968,1280,64,256,32,240
tile=499,4032,1280,64,256,32,240
tile=500,4096,1280,64,256,32,240
tile=501,4160,1280,64,256,32,240
tile=502,4224,1280,64,256,32,240
tile=503,4288,1280,64,256,32,240
tile=504,4352,1280,64,256,32,240
tile=505,4416,1280,64,256,32,240
tile=506,4480,1280,64,256,32,240
tile=507,4544,1280,64,256,32,240
tile=508,4608,1280,64,256,32,240
tile=509,4672,1280,64,256,32,240
tile=510,4736,1280,64,256,32,240
tile=511,4800,1280,64,256,32,240
tile=512,4864,1280,64,256,32,240
tile=513,4928,1280,64,256,32,240
tile=514,4992,1280,64,256,32,240
tile=515,0,1536,64,256,32,240
tile=516,64,1536,64,256,32,240
tile=517,128,1536,64,256,32,240
tile=518,192,1536,64,256,32,240
tile=519,256,1536,64,256,32,240
tile=520,320,1536,64,256,32,240
tile=521,384,1536,64,256,32,240
tile=522,448,1536,64,256,32,240
tile=523,512,1536,64,256,32,240
tile=524,576,1536,64,256,32,240
tile=525,640,1536,64,256,32,240
tile=526,704,1536,64,256,32,240
tile=527,768,1536,64,256,32,240
tile=528,832,1536,64,256,32,240
tile=529,896,1536,64,256,32,240
tile=530,960,1536,64,256,32,240
tile=531,1024,1536,64,256,32,240
tile=532,1088,1536,64,256,32,240
tile=533,1152,1536,64,256,32,240
tile=534,1216,1536,64,256,32,240
tile=535,1280,1536,64,256,32,240
tile=536,1344,1536,64,256,32,240
tile=537,1408,1536,64,256,32,240
tile=538,1472,1536,64,256,32,240
tile=539,1536,1536,64,256,32,240
tile=540,1600,1536,64,256,32,240
tile=541,1664,1536,64,256,32,240
tile=542,1728,1536,64,256,32,240
tile=543,1792,1536,64,256,32,240
tile=544,1856,1536,64,256,32,240
tile=545,1920,1536,64,256,32,240
tile=546,1984,1536,64,256,32,240
tile=547,2048,1536,64,256,32,240
tile=548,2112,1536,64,256,32,240
tile=549,2176,1536,64,256,32,240
tile=550,2240,1536,64,256,32,240
tile=551,2304,1536,64,256,32,240
tile=552,2368,1536,64,256,32,240
tile=553,2432,1536,64,256,32,240
tile=554,2496,1536,64,256,32,240
tile=555,2560,1536,64,256,32,240
tile=556,2624,1536,64,256,32,240
tile=557,2688,1536,64,256,32,240
tile=558,2752,1536,64,256,32,240
tile=559,2816,1536,64,256,32,240
tile=560,2880,1536,64,256,32,240
tile=561,2944,1536,64,256,32,240
tile=562,3008,1536,64,256,32,240
tile=563,3072,1536,64,256,32,240
tile=564,3136,1536,64,256,32,240
tile=565,3200,1536,64,256,32,240
tile=566,3264,1536,64,256,32,240
tile=567,3328,1536,64,256,32,240
tile=568,3392,1536,64,256,32,240
tile=569,3456,1536,64,256,32,240
tile=570,3520,1536,64,256,32,240
tile=571,3584,1536,64,256,32,240
tile=572,3648,1536,64,256,32,240
tile=573,3712,1536,64,256,32,240
tile=574,3776,1536,64,256,32,240
tile=575,3840,1536,64,256,32,240
tile=576,3904,1536,64,256,32,240
tile=577,3968,1536,64,256,32,240
tile=578,4032,1536,64,256,32,240
tile=579,4096,1536,64,256,32,240
tile=580,4160,1536,64,256,32,240
tile=581,4224,1536,64,256,32,240
tile=582,4288,1536,64,256,32,240
tile=583,4352,1536,64,256,32,240
tile=584,4416,1536,64,256,32,240
tile=585,4480,1536,64,256,32,240
tile=586,4544,1536,64,256,32,240
tile=587,4608,1536,64,256,32,240
tile=588,4672,1536,64,256,32,240
tile=589,4736,1536,64,256,32,240
tile=590,4800,1536,64,256,32,240
tile=591,4864,1536,64,256,32,240
tile=592,4928,1536,64,256,32,240
tile=593,4992,1536,64,256,32,240
tile=594,0,1792,64,256,32,240
tile=595,64,1792,64,256,32,240
tile=596,128,1792,64,256,32,240
tile=597,192,1792,64,256,32,240
tile=598,256,1792,64,256,32,240
tile=599,320,1792,64,256,32,240
tile=600,384,1792,64,256,32,240
tile=601,448,1792,64,256,32,240
tile=602,512,1792,64,256,32,240
tile=603,576,1792,64,256,32,240
tile=604,640,1792,64,256,32,240
tile=605,704,1792,64,256,32,240
tile=606,768,1792,64,256,32,240
tile=607,832,1792,64,256,32,240
tile=608,896,1792,64,256,32,240
tile=609,960,1792,64,256,32,240
tile=610,1024,1792,64,256,32,240
tile=611,1088,1792,64,256,32,240
tile=612,1152,1792,64,256,32,240
tile=613,1216,1792,64,256,32,240
tile=614,1280,1792,64,256,32,240
tile=615,1344,1792,64,256,32,240
tile=616,1408,1792,64,256,32,240
tile=617,1472,1792,64,256,32,240
tile=618,1536,1792,64,256,32,240
tile=619,1600,1792,64,256,32,240
tile=620,1664,1792,64,256,32,240
tile=621,1728,1792,64,256,32,240
tile=622,1792,1792,64,256,32,240
tile=623,1856,1792,64,256,32,240
tile=624,1920,1792,64,256,32,240
tile=625,1984,1792,64,256,32,240
tile=626,2048,1792,64,256,32,240
tile=627,2112,1792,64,256,32,240
tile=628,2176,1792,64,256,32,240
tile=629,2240,1792,64,256,32,240
tile=630,2304,1792,64,256,32,240
tile=631,2368,1792,64,256,32,240
tile=632,2432,1792,64,256,32,240
tile=633,2496,1792,64,256,32,240
tile=634,2560,1792,64,256,32,240
tile=635,2624,1792,64,256,32,240
tile=636,2688,1792,64,256,32,240
tile=637,2752,1792,64,256,32,240
tile=638,2816,1792,64,256,32,240
tile=639,2880,1792,64,256,32,240
tile=640,2944,1792,64,256,32,240
tile=641,3008,1792,64,256,32,240
tile=642,3072,1792,64,256,32,240
tile=643,3136,1792,64,256,32,240
tile=644,3200,1792,64,256,32,240
tile=645,3264,1792,64,256,32,240
tile=646,3328,1792,64,256,32,240
tile=647,3392,1792,64,256,32,240
tile=648,3456,1792,64,256,32,240
tile=649,3520,1792,64,256,32,240
tile=650,3584,1792,64,256,32,240
tile=651,3648,1792,64,256,32,240
tile=652,3712,1792,64,256,32,240
tile=653,3776,1792,64,256,32,240
tile=654,3840,1792,64,256,32,240
tile=655,3904,1792,64,256,32,240
tile=656,3968,1792,64,256,32,240
tile=657,4032,1792,64,256,32,240
tile=658,4096,1792,64,256,32,240
tile=659,4160,1792,64,256,32,240
tile=660,4224,1792,64,256,32,240
tile=661,4288,1792,64,256,32,240
tile=662,4352,1792,64,256,32,240
tile=663,4416,1792,64,256,32,240
tile=664,4480,1792,64,256,32,240
tile=665,4544,1792,64,256,32,240
tile=666,4608,1792,64,256,32,240
tile=667,4672,1792,64,256,32,240
tile=668,4736,1792,64,256,32,240
tile=669,4800,1792,64,256,32,240
tile=670,4864,1792,64,256,32,240
tile=671,4928,1792,64,256,32,240
tile=672,4992,1792,64,256,32,240
tile=673,0,2048,64,256,32,240
tile=674,64,2048,64,256,32,240
tile=675,128,2048,64,256,32,240
tile=676,192,2048,64,256,32,240
tile=677,256,2048,64,256,32,240
tile=678,320,2048,64,256,32,240
tile=679,384,2048,64,256,32,240
tile=680,448,2048,64,256,32,240
tile=681,512,2048,64,256,32,240
tile=682,576,2048,64,256,32,240
tile=683,640,2048,64,256,32,240
tile=684,704,2048,64,256,32,240
tile=685,768,2048,64,256,32,240
tile=686,832,2048,64,256,32,240
tile=687,896,2048,64,256,32,240
tile=688,960,2048,64,256,32,240
tile=689,1024,2048,64,256,32,240
tile=690,1088,2048,64,256,32,240
tile=691,1152,2048,64,256,32,240
tile=692,1216,2048,64,256,32,240
tile=693,1280,2048,64,256,32,240
tile=694,1344,2048,64,256,32,240
tile=695,1408,2048,64,256,32,240
tile=696,1472,2048,64,256,32,240
tile=697,1536,2048,64,256,32,240
tile=698,1600,2048,64,256,32,240
tile=699,1664,2048,64,256,32,240
tile=700,1728,2048,64,256,32,240
tile=701,1792,2048,64,256,32,240
tile=702,1856,2048,64,256,32,240
tile=703,1920,2048,64,256,32,240
tile=704,1984,2048,64,256,32,240
tile=705,2048,2048,64,256,32,240
tile=706,2112,2048,64,256,32,240
tile=707,2176,2048,64,256,32,240
tile=708,2240,2048,64,256,32,240
tile=709,2304,2048,64,256,32,240
tile=710,2368,2048,64,256,32,240
tile=711,2432,2048,64,256,32,240
tile=712,2496,2048,64,256,32,240
tile=713,2560,2048,64,256,32,240
tile=714,2624,2048,64,256,32,240
tile=715,2688,2048,64,256,32,240
tile=716,2752,2048,64,256,32,240
tile=717,2816,2048,64,256,32,240
tile=718,2880,2048,64,256,32,240
tile=719,2944,2048,64,256,32,240
tile=720,3008,2048,64,256,32,240
tile=721,3072,2048,64,256,32,240
tile=722,3136,2048,64,256,32,240
tile=723,3200,2048,64,256,32,240
tile=724,3264,2048,64,256,32,240
tile=725,3328,2048,64,256,32,240
tile=726,3392,2048,64,256,32,240
tile=727,3456,2048,64,256,32,240
tile=728,3520,2048,64,256,32,240
tile=729,3584,2048,64,256,32,240
tile=730,3648,2048,64,256,32,240
tile=731,3712,2048,64,256,32,240
tile=732,3776,2048,64,256,32,240
tile=733,3840,2048,64,256,32,240
tile=734,3904,2048,64,256,32,240
tile=735,3968,2048,64,256,32,240
tile=736,4032,2048,64,256,32,240
tile=737,4096,2048,64,256,32,240
tile=738,4160,2048,64,256,32,240
tile=739,4224,2048,64,256,32,240
tile=740,4288,2048,64,256,32,240
tile=741,4352,2048,64,256,32,240
tile=742,4416,2048,64,256,32,240
tile=743,4480,2048,64,256,32,240
tile=744,4544,2048,64,256,32,240
tile=745,4608,2048,64,256,32,240
tile=746,4672,2048,64,256,32,240
tile=747,4736,2048,64,256,32,240
tile=748,4800,2048,64,256,32,240
tile=749,4864,2048,64,256,32,240
tile=750,4928,2048,64,256,32,240
tile=751,4992,2048,64,256,32,240
tile=752,0,2304,64,256,32,240
tile=753,64,2304,64,256,32,240
tile=754,128,2304,64,256,32,240
tile=755,192,2304,64,256,32,240
tile=756,256,2304,64,256,32,240
tile=757,320,2304,64,256,32,240
tile=758,384,2304,64,256,32,240
tile=759,448,2304,64,256,32,240
tile=760,512,2304,64,256,32,240
tile=761,576,2304,64,256,32,240
tile=762,640,2304,64,256,32,240
tile=763,704,2304,64,256,32,240
tile=764,768,2304,64,256,32,240
tile=765,832,2304,64,256,32,240
tile=766,896,2304,64,256,32,240
tile=767,960,2304,64,256,32,240
tile=768,1024,2304,64,256,32,240
tile=769,1088,2304,64,256,32,240
tile=770,1152,2304,64,256,32,240
tile=771,1216,2304,64,256,32,240
tile=772,1280,2304,64,256,32,240
tile=773,1344,2304,64,256,32,240
tile=774,1408,2304,64,256,32,240
tile=775,1472,2304,64,256,32,240
tile=776,1536,2304,64,256,32,240
tile=777,1600,2304,64,256,32,240
tile=778,1664,2304,64,256,32,240
tile=779,1728,2304,64,256,32,240
tile=780,1792,2304,64,256,32,240
tile=781,1856,2304,64,256,32,240
tile=782,1920,2304,64,256,32,240
tile=783,1984,2304,64,256,32,240
tile=784,2048,2304,64,256,32,240
tile=785,2112,2304,64,256,32,240
tile=786,2176,2304,64,256,32,240
tile=787,2240,2304,64,256,32,240
tile=788,2304,2304,64,256,32,240
tile=789,2368,2304,64,256,32,240
tile=790,2432,2304,64,256,32,240
tile=791,2496,2304,64,256,32,240
tile=792,2560,2304,64,256,32,240
tile=793,2624,2304,64,256,32,240
tile=794,2688,2304,64,256,32,240
tile=795,2752,2304,64,256,32,240
tile=796,2816,2304,64,256,32,240
tile=797,2880,2304,64,256,32,240
tile=798,2944,2304,64,256,32,240
tile=799,3008,2304,64,256,32,240
tile=800,3072,2304,64,256,32,240
tile=801,3136,2304,64,256,32,240
tile=802,3200,2304,64,256,32,240
tile=803,3264,2304,64,256,32,240
tile=804,3328,2304,64,256,32,240
tile=805,3392,2304,64,256,32,240
tile=806,3456,2304,64,256,32,240
tile=807,3520,2304,64,256,32,240
tile=808,3584,2304,64,256,32,240
tile=809,3648,2304,64,256,32,240
tile=810,3712,2304,64,256,32,240
tile=811,3776,2304,64,256,32,240
tile=812,3840,2304,64,256,32,240
tile=813,3904,2304,64,256,32,240
tile=814,3968,2304,64,256,32,240
tile=815,4032,2304,64,256,32,240
tile=816,4096,2304,64,256,32,240
tile=817,4160,2304,64,256,32,240
tile=818,4224,2304,64,256,32,240
tile=819,4288,2304,64,256,32,240
tile=820,4352,2304,64,256,32,240
tile=821,4416,2304,64,256,32,240
tile=822,4480,2304,64,256,32,240
tile=823,4544,2304,64,256,32,240
tile=824,4608,2304,64,256,32,240
tile=825,4672,2304,64,256,32,240
tile=826,4736,2304,64,256,32,240
tile=827,4800,2304,64,256,32,240
tile=828,4864,2304,64,256,32,240
tile=829,4928,2304,64,256,32,240
tile=830,4992,2304,64,256,32,240
tile=831,0,2560,64,256,32,240
tile=832,64,2560,64,256,32,240
tile=833,128,2560,64,256,32,240
tile=834,192,2560,64,256,32,240
tile=835,256,2560,64,256,32,240
tile=836,320,2560,64,256,32,240
tile=837,384,2560,64,256,32,240
tile=838,448,2560,64,256,32,240
tile=839,512,2560,64,256,32,240
tile=840,576,2560,64,256,32,240
tile=841,640,2560,64,256,32,240
tile=842,704,2560,64,256,32,240
tile=843,768,2560,64,256,32,240
tile=844,832,2560,64,256,32,240
tile=845,896,2560,64,256,32,240
tile=846,960,2560,64,256,32,240
tile=847,1024,2560,64,256,32,240
tile=848,1088,2560,64,256,32,240
tile=849,1152,2560,64,256,32,240
tile=850,1216,2560,64,256,32,240
tile=851,1280,2560,64,256,32,240
tile=852,1344,2560,64,256,32,240
tile=853,1408,2560,64,256,32,240
tile=854,1472,2560,64,256,32,240
tile=855,1536,2560,64,256,32,240
tile=856,1600,2560,64,256,32,240
tile=857,1664,2560,64,256,32,240
tile=858,1728,2560,64,256,32,240
tile=859,1792,2560,64,256,32,240
tile=860,1856,2560,64,256,32,240
tile=861,1920,2560,64,256,32,240
tile=862,1984,2560,64,256,32,240
tile=863,2048,2560,64,256,32,240
tile=864,2112,2560,64,256,32,240
tile=865,2176,2560,64,256,32,240
tile=866,2240,2560,64,256,32,240
tile=867,2304,2560,64,256,32,240
tile=868,2368,2560,64,256,32,240
tile=869,2432,2560,64,256,32,240
tile=870,2496,2560,64,256,32,240
tile=871,2560,2560,64,256,32,240
tile=872,2624,2560,64,256,32,240
tile=873,2688,2560,64,256,32,240
tile=874,2752,2560,64,256,32,240
tile=875,2816,2560,64,256,32,240
tile=876,2880,2560,64,256,32,240
tile=877,2944,2560,64,256,32,240
tile=878,3008,2560,64,256,32,240
tile=879,3072,2560,64,256,32,240
tile=880,3136,2560,64,256,32,240
tile=881,3200,2560,64,256,32,240
tile=882,3264,2560,64,256,32,240
tile=883,3328,2560,64,256,32,240
tile=884,3392,2560,64,256,32,240
tile=885,3456,2560,64,256,32,240
tile=886,3520,2560,64,256,32,240
tile=887,3584,2560,64,256,32,240
tile=888,3648,2560,64,256,32,240
tile=889,3712,2560,64,256,32,240
tile=890,3776,2560,64,256,32,240
tile=891,3840,2560,64,256,32,240
tile=892,3904,2560,64,256,32,240
tile=893,3968,2560,64,256,32,240
tile=894,4032,2560,64,256,32,240
tile=895,4096,2560,64,256,32,240
tile=896,4160,2560,64,256,32,240
tile=897,4224,2560,64,256,32,240
tile=898,4288,2560,64,256,32,240
tile=899,4352,2560,64,256,32,240
tile=900,4416,2560,64,256,32,240
tile=901,4480,2560,64,256,32,240
tile=902,4544,2560,64,256,32,240
tile=903,4608,2560,64,256,32,240
tile=904,4672,2560,64,256,32,240
tile=905,4736,2560,64,256,32,240
tile=906,4800,2560,64,256,32,240
tile=907,4864,2560,64,256,32,240
tile=908,4928,2560,64,256,32,240
tile=909,4992,2560,64,256,32,240
tile=910,0,2816,64,256,32,240
tile=911,64,2816,64,256,32,240
tile=912,128,2816,64,256,32,240
tile=913,192,2816,64,256,32,240
tile=914,256,2816,64,256,32,240
tile=915,320,2816,64,256,32,240
tile=916,384,2816,64,256,32,240
tile=917,448,2816,64,256,32,240
tile=918,512,2816,64,256,32,240
tile=919,576,2816,64,256,32,240
tile=920,640,2816,64,256,32,240
tile=921,704,2816,64,256,32,240
tile=922,768,2816,64,256,32,240
tile=923,832,2816,64,256,32,240
tile=924,896,2816,64,256,32,240
tile=925,960,2816,64,256,32,240
tile=926,1024,2816,64,256,32,240
tile=927,1088,2816,64,256,32,240
tile=928,1152,2816,64,256,32,240
tile=929,1216,2816,64,256,32,240
tile=930,1280,2816,64,256,32,240
tile=931,1344,2816,64,256,32,240
tile=932,1408,2816,64,256,32,240
tile=933,1472,2816,64,256,32,240
tile=934,1536,2816,64,256,32,240
tile=935,1600,2816,64,256,32,240
tile=936,1664,2816,64,256,32,240
tile=937,1728,2816,64,256,32,240
tile=938,1792,2816,64,256,32,240
tile=939,1856,2816,64,256,32,240
tile=940,1920,2816,64,256,32,240
tile=941,1984,2816,64,256,32,240
tile=942,2048,2816,64,256,32,240
tile=943,2112,2816,64,256,32,240
tile=944,2176,2816,64,256,32,240
tile=945,2240,2816,64,256,32,240
tile=946,2304,2816,64,256,32,240
tile=947,2368,2816,64,256,32,240
tile=948,2432,2816,64,256,32,240
tile=949,2496,2816,64,256,32,240
tile=950,2560,2816,64,256,32,240
tile=951,2624,2816,64,256,32,240
tile=952,2688,2816,64,256,32,240
tile=953,2752,2816,64,256,32,240
tile=954,2816,2816,64,256,32,240
tile=955,2880,2816,64,256,32,240
tile=956,2944,2816,64,256,32,240
tile=957,3008,2816,64,256,32,240
tile=958,3072,2816,64,256,32,240
tile=959,3136,2816,64,256,32,240
tile=960,3200,2816,64,256,32,240
tile=961,3264,2816,64,256,32,240
tile=962,3328,2816,64,256,32,240
tile=963,3392,2816,64,256,32,240
tile=964,3456,2816,64,256,32,240
tile=965,3520,2816,64,256,32,240
tile=966,3584,2816,64,256,32,240
tile=967,3648,2816,64,256,32,240
tile=968,3712,2816,64,256,32,240
tile=969,3776,2816,64,256,32,240
tile=970,3840,2816,64,256,32,240
tile=971,3904,2816,64,256,32,240
tile=972,3968,2816,64,256,32,240
tile=973,4032,2816,64,256,32,240
tile=974,4096,2816,64,256,32,240
tile=975,4160,2816,64,256,32,240
tile=976,4224,2816,64,256,32,240
tile=977,4288,2816,64,256,32,240
tile=978,4352,2816,64,256,32,240
tile=979,4416,2816,64,256,32,240
tile=980,4480,2816,64,256,32,240
tile=981,4544,2816,64,256,32,240
tile=982,4608,2816,64,256,32,240
tile=983,4672,2816,64,256,32,240
tile=984,4736,2816,64,256,32,240
tile=985,4800,2816,64,256,32,240
tile=986,4864,2816,64,256,32,240
tile=987,4928,2816,64,256,32,240
tile=988,4992,2816,64,256,32,240
tile=989,0,3072,64,256,32,240
tile=990,64,3072,64,256,32,240
tile=991,128,3072,64,256,32,240
tile=992,192,3072,64,256,32,240
tile=993,256,3072,64,256,32,240
tile=994,320,3072,64,256,32,240
tile=995,384,3072,64,256,32,240
tile=996,448,3072,64,256,32,240
tile=997,512,3072,64,256,32,240
tile=998,576,3072,64,256,32,240
tile=999,640,3072,64,256,32,240
tile=1000,704,3072,64,256,32,240
tile=1001,768,3072,64,256,32,240
tile=1002,832,3072,64,256,32,240
tile=1003,896,3072,64,256,32,240
tile=1004,960,3072,64,256,32,240
tile=1005,1024,3072,64,256,32,240
tile=1006,1088,3072,64,256,32,240
tile=1007,1152,3072,64,256,32,240
tile=1008,1216,3072,64,256,32,240
tile=1009,1280,3072,64,256,32,240
tile=1010,1344,3072,64,256,32,240
tile=1011,1408,3072,64,256,32,240
tile=1012,1472,3072,64,256,32,240
tile=1013,1536,3072,64,256,32,240
tile=1014,1600,3072,64,256,32,240
tile=1015,1664,3072,64,256,32,240
tile=1016,1728,3072,64,256,32,240
tile=1017,1792,3072,64,256,32,240
tile=1018,1856,3072,64,256,32,240
tile=1019,1920,3072,64,256,32,240
tile=1020,1984,3072,64,256,32,240
tile=1021,2048,3072,64,256,32,240
tile=1022,2112,3072,64,256,32,240
tile=1023,2176,3072,64,256,32,240
tile=1024,2240,3072,64,256,32,240
tile=1025,2304,3072,64,256,32,240
tile=1026,2368,3072,64,256,32,240
tile=1027,2432,3072,64,256,32,240
tile=1028,2496,3072,64,256,32,240
tile=1029,2560,3072,64,256,32,240
tile=1030,2624,3072,64,256,32,240
tile=1031,2688,3072,64,256,32,240
tile=1032,2752,3072,64,256,32,240
tile=1033,2816,3072,64,256,32,240
tile=1034,2880,3072,64,256,32,240
tile=1035,2944,3072,64,256,32,240
tile=1036,3008,3072,64,256,32,240
tile=1037,3072,3072,64,256,32,240
tile=1038,3136,3072,64,256,32,240
tile=1039,3200,3072,64,256,32,240
tile=1040,3264,3072,64,256,32,240
tile=1041,3328,3072,64,256,32,240
tile=1042,3392,3072,64,256,32,240
tile=1043,3456,3072,64,256,32,240
tile=1044,3520,3072,64,256,32,240
tile=1045,3584,3072,64,256,32,240
tile=1046,3648,3072,64,256,32,240
tile=1047,3712,3072,64,256,32,240
tile=1048,3776,3072,64,256,32,240
tile=1049,3840,3072,64,256,32,240
tile=1050,3904,3072,64,256,32,240
tile=1051,3968,3072,64,256,32,240
tile=1052,4032,3072,64,256,32,240
tile=1053,4096,3072,64,256,32,240
tile=1054,4160,3072,64,256,32,240
tile=1055,4224,3072,64,256,32,240
tile=1056,4288,3072,64,256,32,240
tile=1057,4352,3072,64,256,32,240
tile=1058,4416,3072,64,256,32,240
tile=1059,4480,3072,64,256,32,240
tile=1060,4544,3072,64,256,32,240
tile=1061,4608,3072,64,256,32,240
tile=1062,4672,3072,64,256,32,240
tile=1063,4736,3072,64,256,32,240
tile=1064,4800,3072,64,256,32,240
tile=1065,4864,3072,64,256,32,240
tile=1066,4928,3072,64,256,32,240
tile=1067,4992,3072,64,256,32,240
tile=1068,0,3328,64,256,32,240
tile=1069,64,3328,64,256,32,240
tile=1070,128,3328,64,256,32,240
tile=1071,192,3328,64,256,32,240
tile=1072,256,3328,64,256,32,240
tile=1073,320,3328,64,256,32,240
tile=1074,384,3328,64,256,32,240
tile=1075,448,3328,64,256,32,240
tile=1076,512,3328,64,256,32,240
tile=1077,576,3328,64,256,32,240
tile=1078,640,3328,64,256,32,240
tile=1079,704,3328,64,256,32,240
tile=1080,768,3328,64,256,32,240
tile=1081,832,3328,64,256,32,240
tile=1082,896,3328,64,256,32,240
tile=1083,960,3328,64,256,32,240
tile=1084,1024,3328,64,256,32,240
tile=1085,1088,3328,64,256,32,240
tile=1086,1152,3328,64,256,32,240
tile=1087,1216,3328,64,256,32,240
tile=1088,1280,3328,64,256,32,240
tile=1089,1344,3328,64,256,32,240
tile=1090,1408,3328,64,256,32,240
tile=1091,1472,3328,64,256,32,240
tile=1092,1536,3328,64,256,32,240
tile=1093,1600,3328,64,256,32,240
tile=1094,1664,3328,64,256,32,240
tile=1095,1728,3328,64,256,32,240
tile=1096,1792,3328,64,256,32,240
tile=1097,1856,3328,64,256,32,240
tile=1098,1920,3328,64,256,32,240
tile=1099,1984,3328,64,256,32,240
tile=1100,2048,3328,64,256,32,240
tile=1101,2112,3328,64,256,32,240
tile=1102,2176,3328,64,256,32,240
tile=1103,2240,3328,64,256,32,240
tile=1104,2304,3328,64,256,32,240
tile=1105,2368,3328,64,256,32,240
tile=1106,2432,3328,64,256,32,240
tile=1107,2496,3328,64,256,32,240
tile=1108,2560,3328,64,256,32,240
tile=1109,2624,3328,64,256,32,240
tile=1110,2688,3328,64,256,32,240
tile=1111,2752,3328,64,256,32,240
tile=1112,2816,3328,64,256,32,240
tile=1113,2880,3328,64,256,32,240
tile=1114,2944,3328,64,256,32,240
tile=1115,3008,3328,64,256,32,240
tile=1116,3072,3328,64,256,32,240
tile=1117,3136,3328,64,256,32,240
tile=1118,3200,3328,64,256,32,240
tile=1119,3264,3328,64,256,32,240
tile=1120,3328,3328,64,256,32,240
tile=1121,3392,3328,64,256,32,240
tile=1122,3456,3328,64,256,32,240
tile=1123,3520,3328,64,256,32,240
tile=1124,3584,3328,64,256,32,240
tile=1125,3648,3328,64,256,32,240
tile=1126,3712,3328,64,256,32,240
tile=1127,3776,3328,64,256,32,240
tile=1128,3840,3328,64,256,32,240
tile=1129,3904,3328,64,256,32,240
tile=1130,3968,3328,64,256,32,240
tile=1131,4032,3328,64,256,32,240
tile=1132,4096,3328,64,256,32,240
tile=1133,4160,3328,64,256,32,240
tile=1134,4224,3328,64,256,32,240
tile=1135,4288,3328,64,256,32,240
tile=1136,4352,3328,64,256,32,240
tile=1137,4416,3328,64,256,32,240
tile=1138,4480,3328,64,256,32,240
tile=1139,4544,3328,64,256,32,240
tile=1140,4608,3328,64,256,32,240
tile=1141,4672,3328,64,256,32,240
tile=1142,4736,3328,64,256,32,240
tile=1143,4800,3328,64,256,32,240
tile=1144,4864,3328,64,256,32,240
tile=1145,4928,3328,64,256,32,240
tile=1146,4992,3328,64,256,32,240
tile=1147,0,3584,64,256,32,240
tile=1148,64,3584,64,256,32,240
tile=1149,128,3584,64,256,32,240
tile=1150,192,3584,64,256,32,240
tile=1151,256,3584,64,256,32,240
tile=1152,320,3584,64,256,32,240
tile=1153,384,3584,64,256,32,240
tile=1154,448,3584,64,256,32,240
tile=1155,512,3584,64,256,32,240
tile=1156,576,3584,64,256,32,240
tile=1157,640,3584,64,256,32,240
tile=1158,704,3584,64,256,32,240
tile=1159,768,3584,64,256,32,240
tile=1160,832,3584,64,256,32,240
tile=1161,896,3584,64,256,32,240
tile=1162,960,3584,64,256,32,240
tile=1163,1024,3584,64,256,32,240
tile=1164,1088,3584,64,256,32,240
tile=1165,1152,3584,64,256,32,240
tile=1166,1216,3584,64,256,32,240
tile=1167,1280,3584,64,256,32,240
tile=1168,1344,3584,64,256,32,240
tile=1169,1408,3584,64,256,32,240
tile=1170,1472,3584,64,256,32,240
tile=1171,1536,3584,64,256,32,240
tile=1172,1600,3584,64,256,32,240
tile=1173,1664,3584,64,256,32,240
tile=1174,1728,3584,64,256,32,240
tile=1175,1792,3584,64,256,32,240
tile=1176,1856,3584,64,256,32,240
tile=1177,1920,3584,64,256,32,240
tile=1178,1984,3584,64,256,32,240
tile=1179,2048,3584,64,256,32,240
tile=1180,2112,3584,64,256,32,240
tile=1181,2176,3584,64,256,32,240
tile=1182,2240,3584,64,256,32,240
tile=1183,2304,3584,64,256,32,240
tile=1184,2368,3584,64,256,32,240
tile=1185,2432,3584,64,256,32,240
tile=1186,2496,3584,64,256,32,240
tile=1187,2560,3584,64,256,32,240
tile=1188,2624,3584,64,256,32,240
tile=1189,2688,3584,64,256,32,240
tile=1190,2752,3584,64,256,32,240
tile=1191,2816,3584,64,256,32,240
tile=1192,2880,3584,64,256,32,240
tile=1193,2944,3584,64,256,32,240
tile=1194,3008,3584,64,256,32,240
tile=1195,3072,3584,64,256,32,240
tile=1196,3136,3584,64,256,32,240
tile=1197,3200,3584,64,256,32,240
tile=1198,3264,3584,64,256,32,240
tile=1199,3328,3584,64,256,32,240
tile=1200,3392,3584,64,256,32,240
tile=1201,3456,3584,64,256,32,240
tile=1202,3520,3584,64,256,32,240
tile=1203,3584,3584,64,256,32,240
tile=1204,3648,3584,64,256,32,240
tile=1205,3712,3584,64,256,32,240
tile=1206,3776,3584,64,256,32,240
tile=1207,3840,3584,64,256,32,240
tile=1208,3904,3584,64,256,32,240
tile=1209,3968,3584,64,256,32,240
tile=1210,4032,3584,64,256,32,240
tile=1211,4096,3584,64,256,32,240
tile=1212,4160,3584,64,256,32,240
tile=1213,4224,3584,64,256,32,240
tile=1214,4288,3584,64,256,32,240
tile=1215,4352,3584,64,256,32,240
tile=1216,4416,3584,64,256,32,240
tile=1217,4480,3584,64,256,32,240
tile=1218,4544,3584,64,256,32,240
tile=1219,4608,3584,64,256,32,240
tile=1220,4672,3584,64,256,32,240
tile=1221,4736,3584,64,256,32,240
tile=1222,4800,3584,64,256,32,240
tile=1223,4864,3584,64,256,32,240
tile=1224,4928,3584,64,256,32,240
tile=1225,4992,3584,64,256,32,240
tile=1226,0,3840,64,256,32,240
tile=1227,64,3840,64,256,32,240
tile=1228,128,3840,64,256,32,240
tile=1229,192,3840,64,256,32,240
tile=1230,256,3840,64,256,32,240
tile=1231,320,3840,64,256,32,240
tile=1232,384,3840,64,256,32,240
tile=1233,448,3840,64,256,32,240
tile=1234,512,3840,64,256,32,240
tile=1235,576,3840,64,256,32,240
tile=1236,640,3840,64,256,32,240
tile=1237,704,3840,64,256,32,240
tile=1238,768,3840,64,256,32,240
tile=1239,832,3840,64,256,32,240
tile=1240,896,3840,64,256,32,240
tile=1241,960,3840,64,256,32,240
tile=1242,1024,3840,64,256,32,240
tile=1243,1088,3840,64,256,32,240
tile=1244,1152,3840,64,256,32,240
tile=1245,1216,3840,64,256,32,240
tile=1246,1280,3840,64,256,32,240
tile=1247,1344,3840,64,256,32,240
tile=1248,1408,3840,64,256,32,240
tile=1249,1472,3840,64,256,32,240
tile=1250,1536,3840,64,256,32,240
tile=1251,1600,3840,64,256,32,240
tile=1252,1664,3840,64,256,32,240
tile=1253,1728,3840,64,256,32,240
tile=1254,1792,3840,64,256,32,240
tile=1255,1856,3840,64,256,32,240
tile=1256,1920,3840,64,256,32,240
tile=1257,1984,3840,64,256,32,240
tile=1258,2048,3840,64,256,32,240
tile=1259,2112,3840,64,256,32,240
tile=1260,2176,3840,64,256,32,240
tile=1261,2240,3840,64,256,32,240
tile=1262,2304,3840,64,256,32,240
tile=1263,2368,3840,64,256,32,240
tile=1264,2432,3840,64,256,32,240
tile=1265,2496,3840,64,256,32,240
tile=1266,2560,3840,64,256,32,240
tile=1267,2624,3840,64,256,32,240
tile=1268,2688,3840,64,256,32,240
tile=1269,2752,3840,64,256,32,240
tile=1270,2816,3840,64,256,32,240
tile=1271,2880,3840,64,256,32,240
tile=1272,2944,3840,64,256,32,240
tile=1273,3008,3840,64,256,32,240
tile=1274,3072,3840,64,256,32,240
tile=1275,3136,3840,64,256,32,240
tile=1276,3200,3840,64,256,32,240
tile=1277,3264,3840,64,256,32,240
tile=1278,3328,3840,64,256,32,240
tile=1279,3392,3840,64,256,32,240
tile=1280,3456,3840,64,256,32,240
tile=1281,3520,3840,64,256,32,240
tile=1282,3584,3840,64,256,32,240
tile=1283,3648,3840,64,256,32,240
tile=1284,3712,3840,64,256,32,240
tile=1285,3776,3840,64,256,32,240
tile=1286,3840,3840,64,256,32,240
tile=1287,3904,3840,64,256,32,240
tile=1288,3968,3840,64,256,32,240
tile=1289,4032,3840,64,256,32,240
tile=1290,4096,3840,64,256,32,240
tile=1291,4160,3840,64,256,32,240
tile=1292,4224,3840,64,256,32,240
tile=1293,4288,3840,64,256,32,240
tile=1294,4352,3840,64,256,32,240
tile=1295,4416,3840,64,256,32,240
tile=1296,4480,3840,64,256,32,240
tile=1297,4544,3840,64,256,32,240
tile=1298,4608,3840,64,256,32,240
