img=images/tileset/tileset_caves_theme_1.png

tile=41,0,0,64,160,32,144
tile=42,64,0,64,160,32,144
tile=43,128,0,64,160,32,144
tile=44,192,0,64,160,32,144
tile=45,256,0,64,160,32,144
tile=46,320,0,64,160,32,144
tile=47,384,0,64,160,32,144
tile=48,448,0,64,160,32,144
tile=49,512,0,64,160,32,144
tile=50,576,0,64,160,32,144
tile=51,640,0,64,160,32,144
tile=52,704,0,64,160,32,144
tile=53,768,0,64,160,32,144
tile=54,832,0,64,160,32,144
tile=55,896,0,64,160,32,144
tile=56,960,0,64,160,32,144
tile=57,1024,0,64,160,32,144
tile=58,1088,0,64,160,32,144
tile=59,1152,0,64,160,32,144
tile=60,1216,0,64,160,32,144
tile=61,1280,0,64,160,32,144
tile=62,1344,0,64,160,32,144
tile=63,1408,0,64,160,32,144
tile=64,1472,0,64,160,32,144
tile=65,1536,0,64,160,32,144
tile=66,1600,0,64,160,32,144
tile=67,1664,0,64,160,32,144
tile=68,1728,0,64,160,32,144
tile=69,1792,0,64,160,32,144
tile=70,1856,0,64,160,32,144
tile=71,1920,0,64,160,32,144
tile=72,1984,0,64,160,32,144
tile=73,0,160,64,160,32,144
tile=74,64,160,64,160,32,144
tile=75,128,160,64,160,32,144
tile=76,192,160,64,160,32,144
tile=77,256,160,64,160,32,144
tile=78,320,160,64,160,32,144
tile=79,384,160,64,160,32,144
tile=80,448,160,64,160,32,144
tile=81,512,160,64,160,32,144
tile=82,576,160,64,160,32,144
tile=83,640,160,64,160,32,144
tile=84,704,160,64,160,32,144
tile=85,768,160,64,160,32,144
tile=86,832,160,64,160,32,144
tile=87,896,160,64,160,32,144
tile=88,960,160,64,160,32,144
tile=89,1024,160,64,160,32,144
tile=90,1088,160,64,160,32,144
tile=91,1152,160,64,160,32,144
tile=92,1216,160,64,160,32,144
tile=93,1280,160,64,160,32,144
tile=94,1344,160,64,160,32,144
tile=95,1408,160,64,160,32,144
tile=96,1472,160,64,160,32,144
tile=97,1536,160,64,160,32,144
tile=98,1600,160,64,160,32,144
tile=99,1664,160,64,160,32,144
tile=100,1728,160,64,160,32,144
tile=101,1792,160,64,160,32,144
tile=102,1856,160,64,160,32,144
tile=103,1920,160,64,160,32,144
tile=104,1984,160,64,160,32,144
tile=105,0,320,64,160,32,144
tile=106,64,320,64,160,32,144
tile=107,128,320,64,160,32,144
tile=108,192,320,64,160,32,144
tile=109,256,320,64,160,32,144
tile=110,320,320,64,160,32,144
tile=111,384,320,64,160,32,144
tile=112,448,320,64,160,32,144
tile=113,512,320,64,160,32,144
tile=114,576,320,64,160,32,144
tile=115,640,320,64,160,32,144
tile=116,704,320,64,160,32,144
tile=117,768,320,64,160,32,144
tile=118,832,320,64,160,32,144
tile=119,896,320,64,160,32,144
tile=120,960,320,64,160,32,144
tile=121,1024,320,64,160,32,144
tile=122,1088,320,64,160,32,144
tile=123,1152,320,64,160,32,144
tile=124,1216,320,64,160,32,144
tile=125,1280,320,64,160,32,144
tile=126,1344,320,64,160,32,144
tile=127,1408,320,64,160,32,144
tile=128,1472,320,64,160,32,144
tile=129,1536,320,64,160,32,144
tile=130,1600,320,64,160,32,144
tile=131,1664,320,64,160,32,144
tile=132,1728,320,64,160,32,144
tile=133,1792,320,64,160,32,144
tile=134,1856,320,64,160,32,144
tile=135,1920,320,64,160,32,144
tile=136,1984,320,64,160,32,144
tile=137,0,480,64,160,32,144
tile=138,64,480,64,160,32,144
tile=139,128,480,64,160,32,144
tile=140,192,480,64,160,32,144
tile=141,256,480,64,160,32,144
tile=142,320,480,64,160,32,144
tile=143,384,480,64,160,32,144
tile=144,448,480,64,160,32,144
tile=145,512,480,64,160,32,144
tile=146,576,480,64,160,32,144
tile=147,640,480,64,160,32,144
tile=148,704,480,64,160,32,144
tile=149,768,480,64,160,32,144
tile=150,832,480,64,160,32,144
tile=151,896,480,64,160,32,144
tile=152,960,480,64,160,32,144
tile=153,1024,480,64,160,32,144
tile=154,1088,480,64,160,32,144
tile=155,1152,480,64,160,32,144
tile=156,1216,480,64,160,32,144
tile=157,1280,480,64,160,32,144
tile=158,1344,480,64,160,32,144
tile=159,1408,480,64,160,32,144
tile=160,1472,480,64,160,32,144
tile=161,1536,480,64,160,32,144
tile=162,1600,480,64,160,32,144
tile=163,1664,480,64,160,32,144
tile=164,1728,480,64,160,32,144
tile=165,1792,480,64,160,32,144
tile=166,1856,480,64,160,32,144
tile=167,1920,480,64,160,32,144
tile=168,1984,480,64,160,32,144
tile=169,0,640,64,160,32,144
tile=170,64,640,64,160,32,144
tile=171,128,640,64,160,32,144
tile=172,192,640,64,160,32,144
tile=173,256,640,64,160,32,144
tile=174,320,640,64,160,32,144
tile=175,384,640,64,160,32,144
tile=176,448,640,64,160,32,144
tile=177,512,640,64,160,32,144
tile=178,576,640,64,160,32,144
tile=179,640,640,64,160,32,144
tile=180,704,640,64,160,32,144
tile=181,768,640,64,160,32,144
tile=182,832,640,64,160,32,144
tile=183,896,640,64,160,32,144
tile=184,960,640,64,160,32,144
tile=185,1024,640,64,160,32,144
tile=186,1088,640,64,160,32,144
tile=187,1152,640,64,160,32,144
tile=188,1216,640,64,160,32,144
tile=189,1280,640,64,160,32,144
tile=190,1344,640,64,160,32,144
tile=191,1408,640,64,160,32,144
tile=192,1472,640,64,160,32,144
tile=193,1536,640,64,160,32,144
tile=194,1600,640,64,160,32,144
tile=195,1664,640,64,160,32,144
tile=196,1728,640,64,160,32,144
tile=197,1792,640,64,160,32,144
tile=198,1856,640,64,160,32,144
tile=199,1920,640,64,160,32,144
tile=200,1984,640,64,160,32,144
tile=201,0,800,64,160,32,144
tile=202,64,800,64,160,32,144
tile=203,128,800,64,160,32,144
tile=204,192,800,64,160,32,144
tile=205,256,800,64,160,32,144
tile=206,320,800,64,160,32,144
tile=207,384,800,64,160,32,144
tile=208,448,800,64,160,32,144
tile=209,512,800,64,160,32,144
tile=210,576,800,64,160,32,144
tile=211,640,800,64,160,32,144
tile=212,704,800,64,160,32,144
tile=213,768,800,64,160,32,144
tile=214,832,800,64,160,32,144
tile=215,896,800,64,160,32,144
tile=216,960,800,64,160,32,144
tile=217,1024,800,64,160,32,144
tile=218,1088,800,64,160,32,144
tile=219,1152,800,64,160,32,144
tile=220,1216,800,64,160,32,144
tile=221,1280,800,64,160,32,144
tile=222,1344,800,64,160,32,144
tile=223,1408,800,64,160,32,144
tile=224,1472,800,64,160,32,144
tile=225,1536,800,64,160,32,144
tile=226,1600,800,64,160,32,144
tile=227,1664,800,64,160,32,144
tile=228,1728,800,64,160,32,144
tile=229,1792,800,64,160,32,144
tile=230,1856,800,64,160,32,144
tile=231,1920,800,64,160,32,144
tile=232,1984,800,64,160,32,144
tile=233,0,960,64,160,32,144
tile=234,64,960,64,160,32,144
tile=235,128,960,64,160,32,144
tile=236,192,960,64,160,32,144
tile=237,256,960,64,160,32,144
tile=238,320,960,64,160,32,144
tile=239,384,960,64,160,32,144
tile=240,448,960,64,160,32,144
tile=241,512,960,64,160,32,144
tile=242,576,960,64,160,32,144
tile=243,640,960,64,160,32,144
tile=244,704,960,64,160,32,144
tile=245,768,960,64,160,32,144
tile=246,832,960,64,160,32,144
tile=247,896,960,64,160,32,144
tile=248,960,960,64,160,32,144
tile=249,1024,960,64,160,32,144
tile=250,1088,960,64,160,32,144
tile=251,1152,960,64,160,32,144
tile=252,1216,960,64,160,32,144
tile=253,1280,960,64,160,32,144
tile=254,1344,960,64,160,32,144
tile=255,1408,960,64,160,32,144
tile=256,1472,960,64,160,32,144
tile=257,1536,960,64,160,32,144
tile=258,1600,960,64,160,32,144
tile=259,1664,960,64,160,32,144
tile=260,1728,960,64,160,32,144
tile=261,1792,960,64,160,32,144
tile=262,1856,960,64,160,32,144
tile=263,1920,960,64,160,32,144
tile=264,1984,960,64,160,32,144
tile=265,0,1120,64,160,32,144
tile=266,64,1120,64,160,32,144
tile=267,128,1120,64,160,32,144
tile=268,192,1120,64,160,32,144
tile=269,256,1120,64,160,32,144
tile=270,320,1120,64,160,32,144
tile=271,384,1120,64,160,32,144
tile=272,448,1120,64,160,32,144
tile=273,512,1120,64,160,32,144
tile=274,576,1120,64,160,32,144
tile=275,640,1120,64,160,32,144
tile=276,704,1120,64,160,32,144
tile=277,768,1120,64,160,32,144
tile=278,832,1120,64,160,32,144
tile=279,896,1120,64,160,32,144
tile=280,960,1120,64,160,32,144
tile=281,1024,1120,64,160,32,144
tile=282,1088,1120,64,160,32,144
tile=283,1152,1120,64,160,32,144
tile=284,1216,1120,64,160,32,144
tile=285,1280,1120,64,160,32,144
tile=286,1344,1120,64,160,32,144
tile=287,1408,1120,64,160,32,144
tile=288,1472,1120,64,160,32,144
tile=289,1536,1120,64,160,32,144
tile=290,1600,1120,64,160,32,144
tile=291,1664,1120,64,160,32,144
tile=292,1728,1120,64,160,32,144
tile=293,1792,1120,64,160,32,144
tile=294,1856,1120,64,160,32,144
tile=295,1920,1120,64,160,32,144
tile=296,1984,1120,64,160,32,144
tile=297,0,1280,64,160,32,144
tile=298,64,1280,64,160,32,144
tile=299,128,1280,64,160,32,144
tile=300,192,1280,64,160,32,144
tile=301,256,1280,64,160,32,144
tile=302,320,1280,64,160,32,144
tile=303,384,1280,64,160,32,144
tile=304,448,1280,64,160,32,144
tile=305,512,1280,64,160,32,144
tile=306,576,1280,64,160,32,144
tile=307,640,1280,64,160,32,144
tile=308,704,1280,64,160,32,144
tile=309,768,1280,64,160,32,144
tile=310,832,1280,64,160,32,144
tile=311,896,1280,64,160,32,144
tile=312,960,1280,64,160,32,144
tile=313,1024,1280,64,160,32,144
tile=314,1088,1280,64,160,32,144
tile=315,1152,1280,64,160,32,144
tile=316,1216,1280,64,160,32,144
tile=317,1280,1280,64,160,32,144
tile=318,1344,1280,64,160,32,144
tile=319,1408,1280,64,160,32,144
tile=320,1472,1280,64,160,32,144
tile=321,1536,1280,64,160,32,144
tile=322,1600,1280,64,160,32,144
tile=323,1664,1280,64,160,32,144
tile=324,1728,1280,64,160,32,144
tile=325,1792,1280,64,160,32,144
tile=326,1856,1280,64,160,32,144
tile=327,1920,1280,64,160,32,144
tile=328,1984,1280,64,160,32,144
tile=329,0,1440,64,160,32,144
tile=330,64,1440,64,160,32,144
tile=331,128,1440,64,160,32,144
tile=332,192,1440,64,160,32,144
tile=333,256,1440,64,160,32,144
tile=334,320,1440,64,160,32,144
tile=335,384,1440,64,160,32,144
tile=336,448,1440,64,160,32,144
tile=337,512,1440,64,160,32,144
tile=338,576,1440,64,160,32,144
tile=339,640,1440,64,160,32,144
tile=340,704,1440,64,160,32,144
tile=341,768,1440,64,160,32,144
tile=342,832,1440,64,160,32,144
tile=343,896,1440,64,160,32,144
tile=344,960,1440,64,160,32,144
tile=345,1024,1440,64,160,32,144
tile=346,1088,1440,64,160,32,144
tile=347,1152,1440,64,160,32,144
tile=348,1216,1440,64,160,32,144
tile=349,1280,1440,64,160,32,144
tile=350,1344,1440,64,160,32,144
tile=351,1408,1440,64,160,32,144
tile=352,1472,1440,64,160,32,144
tile=353,1536,1440,64,160,32,144
tile=354,1600,1440,64,160,32,144
tile=355,1664,1440,64,160,32,144
tile=356,1728,1440,64,160,32,144
tile=357,1792,1440,64,160,32,144
tile=358,1856,1440,64,160,32,144
tile=359,1920,1440,64,160,32,144
tile=360,1984,1440,64,160,32,144
tile=361,0,1600,64,160,32,144
tile=362,64,1600,64,160,32,144
tile=363,128,1600,64,160,32,144
tile=364,192,1600,64,160,32,144
tile=365,256,1600,64,160,32,144
tile=366,320,1600,64,160,32,144
tile=367,384,1600,64,160,32,144
tile=368,448,1600,64,160,32,144
tile=369,512,1600,64,160,32,144
tile=370,576,1600,64,160,32,144
tile=371,640,1600,64,160,32,144
tile=372,704,1600,64,160,32,144
tile=373,768,1600,64,160,32,144
tile=374,832,1600,64,160,32,144
tile=375,896,1600,64,160,32,144
tile=376,960,1600,64,160,32,144
tile=377,1024,1600,64,160,32,144
tile=378,1088,1600,64,160,32,144
tile=379,1152,1600,64,160,32,144
tile=380,1216,1600,64,160,32,144
tile=381,1280,1600,64,160,32,144
tile=382,1344,1600,64,160,32,144
tile=383,1408,1600,64,160,32,144
tile=384,1472,1600,64,160,32,144
tile=385,1536,1600,64,160,32,144
tile=386,1600,1600,64,160,32,144
tile=387,1664,1600,64,160,32,144
tile=388,1728,1600,64,160,32,144
tile=389,1792,1600,64,160,32,144
tile=390,1856,1600,64,160,32,144
tile=391,1920,1600,64,160,32,144
tile=392,1984,1600,64,160,32,144
tile=393,0,1760,64,160,32,144
tile=394,64,1760,64,160,32,144
tile=395,128,1760,64,160,32,144
tile=396,192,1760,64,160,32,144
tile=397,256,1760,64,160,32,144
tile=398,320,1760,64,160,32,144
tile=399,384,1760,64,160,32,144
tile=400,448,1760,64,160,32,144
tile=401,512,1760,64,160,32,144
tile=402,576,1760,64,160,32,144
tile=403,640,1760,64,160,32,144
tile=404,704,1760,64,160,32,144
tile=405,768,1760,64,160,32,144
tile=406,832,1760,64,160,32,144
tile=407,896,1760,64,160,32,144
tile=408,960,1760,64,160,32,144
tile=409,1024,1760,64,160,32,144
tile=410,1088,1760,64,160,32,144
tile=411,1152,1760,64,160,32,144
tile=412,1216,1760,64,160,32,144
tile=413,1280,1760,64,160,32,144
tile=414,1344,1760,64,160,32,144
tile=415,1408,1760,64,160,32,144
tile=416,1472,1760,64,160,32,144
tile=417,1536,1760,64,160,32,144
tile=418,1600,1760,64,160,32,144
tile=419,1664,1760,64,160,32,144
tile=420,1728,1760,64,160,32,144
tile=421,1792,1760,64,160,32,144
tile=422,1856,1760,64,160,32,144
tile=423,1920,1760,64,160,32,144
tile=424,1984,1760,64,160,32,144
tile=425,0,1920,64,160,32,144
tile=426,64,1920,64,160,32,144
tile=427,128,1920,64,160,32,144
tile=428,192,1920,64,160,32,144
tile=429,256,1920,64,160,32,144
tile=430,320,1920,64,160,32,144
tile=431,384,1920,64,160,32,144
tile=432,448,1920,64,160,32,144
tile=433,512,1920,64,160,32,144
tile=434,576,1920,64,160,32,144
tile=435,640,1920,64,160,32,144
tile=436,704,1920,64,160,32,144
tile=437,768,1920,64,160,32,144
tile=438,832,1920,64,160,32,144
tile=439,896,1920,64,160,32,144
tile=440,960,1920,64,160,32,144
tile=441,1024,1920,64,160,32,144
tile=442,1088,1920,64,160,32,144
tile=443,1152,1920,64,160,32,144
tile=444,1216,1920,64,160,32,144
tile=445,1280,1920,64,160,32,144
tile=446,1344,1920,64,160,32,144
tile=447,1408,1920,64,160,32,144
tile=448,1472,1920,64,160,32,144
tile=449,1536,1920,64,160,32,144
tile=450,1600,1920,64,160,32,144
tile=451,1664,1920,64,160,32,144
tile=452,1728,1920,64,160,32,144
tile=453,1792,1920,64,160,32,144
tile=454,1856,1920,64,160,32,144
tile=455,1920,1920,64,160,32,144
tile=456,1984,1920,64,160,32,144
tile=457,0,2080,64,160,32,144
tile=458,64,2080,64,160,32,144
tile=459,128,2080,64,160,32,144
tile=460,192,2080,64,160,32,144
tile=461,256,2080,64,160,32,144
tile=462,320,2080,64,160,32,144
tile=463,384,2080,64,160,32,144
tile=464,448,2080,64,160,32,144
tile=465,512,2080,64,160,32,144
tile=466,576,2080,64,160,32,144
tile=467,640,2080,64,160,32,144
tile=468,704,2080,64,160,32,144
tile=469,768,2080,64,160,32,144
tile=470,832,2080,64,160,32,144
tile=471,896,2080,64,160,32,144
tile=472,960,2080,64,160,32,144
tile=473,1024,2080,64,160,32,144
tile=474,1088,2080,64,160,32,144
tile=475,1152,2080,64,160,32,144
tile=476,1216,2080,64,160,32,144
tile=477,1280,2080,64,160,32,144
tile=478,1344,2080,64,160,32,144
tile=479,1408,2080,64,160,32,144
tile=480,1472,2080,64,160,32,144
tile=481,1536,2080,64,160,32,144
tile=482,1600,2080,64,160,32,144
tile=483,1664,2080,64,160,32,144
tile=484,1728,2080,64,160,32,144
tile=485,1792,2080,64,160,32,144
tile=486,1856,2080,64,160,32,144
tile=487,1920,2080,64,160,32,144
tile=488,1984,2080,64,160,32,144
tile=489,0,2240,64,160,32,144
tile=490,64,2240,64,160,32,144
tile=491,128,2240,64,160,32,144
tile=492,192,2240,64,160,32,144
tile=493,256,2240,64,160,32,144
tile=494,320,2240,64,160,32,144
tile=495,384,2240,64,160,32,144
tile=496,448,2240,64,160,32,144
tile=497,512,2240,64,160,32,144
tile=498,576,2240,64,160,32,144
tile=499,640,2240,64,160,32,144
tile=500,704,2240,64,160,32,144
tile=501,768,2240,64,160,32,144
tile=502,832,2240,64,160,32,144
tile=503,896,2240,64,160,32,144
tile=504,960,2240,64,160,32,144
tile=505,1024,2240,64,160,32,144
tile=506,1088,2240,64,160,32,144
tile=507,1152,2240,64,160,32,144
tile=508,1216,2240,64,160,32,144
tile=509,1280,2240,64,160,32,144
tile=510,1344,2240,64,160,32,144
tile=511,1408,2240,64,160,32,144
tile=512,1472,2240,64,160,32,144
tile=513,1536,2240,64,160,32,144
tile=514,1600,2240,64,160,32,144
tile=515,1664,2240,64,160,32,144
tile=516,1728,2240,64,160,32,144
tile=517,1792,2240,64,160,32,144
tile=518,1856,2240,64,160,32,144
tile=519,1920,2240,64,160,32,144
tile=520,1984,2240,64,160,32,144
tile=521,0,2400,64,160,32,144
tile=522,64,2400,64,160,32,144
tile=523,128,2400,64,160,32,144
tile=524,192,2400,64,160,32,144
tile=525,256,2400,64,160,32,144
tile=526,320,2400,64,160,32,144
tile=527,384,2400,64,160,32,144
tile=528,448,2400,64,160,32,144
tile=529,512,2400,64,160,32,144
tile=530,576,2400,64,160,32,144
tile=531,640,2400,64,160,32,144
tile=532,704,2400,64,160,32,144
tile=533,768,2400,64,160,32,144
tile=534,832,2400,64,160,32,144
tile=535,896,2400,64,160,32,144
tile=536,960,2400,64,160,32,144
tile=537,1024,2400,64,160,32,144
tile=538,1088,2400,64,160,32,144
tile=539,1152,2400,64,160,32,144
tile=540,1216,2400,64,160,32,144
tile=541,1280,2400,64,160,32,144
tile=542,1344,2400,64,160,32,144
tile=543,1408,2400,64,160,32,144
tile=544,1472,2400,64,160,32,144
tile=545,1536,2400,64,160,32,144
tile=546,1600,2400,64,160,32,144
tile=547,1664,2400,64,160,32,144
tile=548,1728,2400,64,160,32,144
tile=549,1792,2400,64,160,32,144
tile=550,1856,2400,64,160,32,144
tile=551,1920,2400,64,160,32,144
tile=552,1984,2400,64,160,32,144
tile=553,0,2560,64,160,32,144
tile=554,64,2560,64,160,32,144
tile=555,128,2560,64,160,32,144
tile=556,192,2560,64,160,32,144
tile=557,256,2560,64,160,32,144
tile=558,320,2560,64,160,32,144
tile=559,384,2560,64,160,32,144
tile=560,448,2560,64,160,32,144
tile=561,512,2560,64,160,32,144
tile=562,576,2560,64,160,32,144
tile=563,640,2560,64,160,32,144
tile=564,704,2560,64,160,32,144
tile=565,768,2560,64,160,32,144
tile=566,832,2560,64,160,32,144
tile=567,896,2560,64,160,32,144
tile=568,960,2560,64,160,32,144
tile=569,1024,2560,64,160,32,144
tile=570,1088,2560,64,160,32,144
tile=571,1152,2560,64,160,32,144
tile=572,1216,2560,64,160,32,144
tile=573,1280,2560,64,160,32,144
tile=574,1344,2560,64,160,32,144
tile=575,1408,2560,64,160,32,144
tile=576,1472,2560,64,160,32,144
tile=577,1536,2560,64,160,32,144
tile=578,1600,2560,64,160,32,144
tile=579,1664,2560,64,160,32,144
tile=580,1728,2560,64,160,32,144
tile=581,1792,2560,64,160,32,144
tile=582,1856,2560,64,160,32,144
tile=583,1920,2560,64,160,32,144
tile=584,1984,2560,64,160,32,144
tile=585,0,2720,64,160,32,144
tile=586,64,2720,64,160,32,144
tile=587,128,2720,64,160,32,144
tile=588,192,2720,64,160,32,144
tile=589,256,2720,64,160,32,144
tile=590,320,2720,64,160,32,144
tile=591,384,2720,64,160,32,144
tile=592,448,2720,64,160,32,144
tile=593,512,2720,64,160,32,144
tile=594,576,2720,64,160,32,144
tile=595,640,2720,64,160,32,144
tile=596,704,2720,64,160,32,144
tile=597,768,2720,64,160,32,144
tile=598,832,2720,64,160,32,144
tile=599,896,2720,64,160,32,144
tile=600,960,2720,64,160,32,144
