img=images/tilesets/tileset_town.png

tile=101,0,0,64,256,32,240
tile=102,64,0,64,256,32,240
tile=103,128,0,64,256,32,240
tile=104,192,0,64,256,32,240
tile=105,256,0,64,256,32,240
tile=106,320,0,64,256,32,240
tile=107,384,0,64,256,32,240
tile=108,448,0,64,256,32,240
tile=109,512,0,64,256,32,240
tile=110,576,0,64,256,32,240
tile=111,640,0,64,256,32,240
tile=112,704,0,64,256,32,240
tile=113,768,0,64,256,32,240
tile=114,832,0,64,256,32,240
tile=115,896,0,64,256,32,240
tile=116,960,0,64,256,32,240
tile=117,1024,0,64,256,32,240
tile=118,1088,0,64,256,32,240
tile=119,1152,0,64,256,32,240
tile=120,1216,0,64,256,32,240
tile=121,1280,0,64,256,32,240
tile=122,1344,0,64,256,32,240
tile=123,1408,0,64,256,32,240
tile=124,1472,0,64,256,32,240
tile=125,1536,0,64,256,32,240
tile=126,1600,0,64,256,32,240
tile=127,1664,0,64,256,32,240
tile=128,1728,0,64,256,32,240
tile=129,1792,0,64,256,32,240
tile=130,1856,0,64,256,32,240
tile=131,1920,0,64,256,32,240
tile=132,1984,0,64,256,32,240
tile=133,2048,0,64,256,32,240
tile=134,2112,0,64,256,32,240
tile=135,2176,0,64,256,32,240
tile=136,2240,0,64,256,32,240
tile=137,2304,0,64,256,32,240
tile=138,2368,0,64,256,32,240
tile=139,2432,0,64,256,32,240
tile=140,2496,0,64,256,32,240
tile=141,2560,0,64,256,32,240
tile=142,2624,0,64,256,32,240
tile=143,2688,0,64,256,32,240
tile=144,2752,0,64,256,32,240
tile=145,2816,0,64,256,32,240
tile=146,2880,0,64,256,32,240
tile=147,2944,0,64,256,32,240
tile=148,3008,0,64,256,32,240
tile=149,3072,0,64,256,32,240
tile=150,3136,0,64,256,32,240
tile=151,3200,0,64,256,32,240
tile=152,3264,0,64,256,32,240
tile=153,3328,0,64,256,32,240
tile=154,3392,0,64,256,32,240
tile=155,3456,0,64,256,32,240
tile=156,3520,0,64,256,32,240
tile=157,3584,0,64,256,32,240
tile=158,3648,0,64,256,32,240
tile=159,3712,0,64,256,32,240
tile=160,3776,0,64,256,32,240
tile=161,3840,0,64,256,32,240
tile=162,3904,0,64,256,32,240
tile=163,3968,0,64,256,32,240
tile=164,4032,0,64,256,32,240
tile=165,4096,0,64,256,32,240
tile=166,4160,0,64,256,32,240
tile=167,4224,0,64,256,32,240
tile=168,4288,0,64,256,32,240
tile=169,4352,0,64,256,32,240
tile=170,4416,0,64,256,32,240
tile=171,4480,0,64,256,32,240
tile=172,4544,0,64,256,32,240
tile=173,4608,0,64,256,32,240
tile=174,4672,0,64,256,32,240
tile=175,4736,0,64,256,32,240
tile=176,4800,0,64,256,32,240
tile=177,4864,0,64,256,32,240
tile=178,4928,0,64,256,32,240
tile=179,4992,0,64,256,32,240
tile=180,0,256,64,256,32,240
tile=181,64,256,64,256,32,240
tile=182,128,256,64,256,32,240
tile=183,192,256,64,256,32,240
tile=184,256,256,64,256,32,240
tile=185,320,256,64,256,32,240
tile=186,384,256,64,256,32,240
tile=187,448,256,64,256,32,240
tile=188,512,256,64,256,32,240
tile=189,576,256,64,256,32,240
tile=190,640,256,64,256,32,240
tile=191,704,256,64,256,32,240
tile=192,768,256,64,256,32,240
tile=193,832,256,64,256,32,240
tile=194,896,256,64,256,32,240
tile=195,960,256,64,256,32,240
tile=196,1024,256,64,256,32,240
tile=197,1088,256,64,256,32,240
tile=198,1152,256,64,256,32,240
tile=199,1216,256,64,256,32,240
tile=200,1280,256,64,256,32,240
tile=201,1344,256,64,256,32,240
tile=202,1408,256,64,256,32,240
tile=203,1472,256,64,256,32,240
tile=204,1536,256,64,256,32,240
tile=205,1600,256,64,256,32,240
tile=206,1664,256,64,256,32,240
tile=207,1728,256,64,256,32,240
tile=208,1792,256,64,256,32,240
tile=209,1856,256,64,256,32,240
tile=210,1920,256,64,256,32,240
tile=211,1984,256,64,256,32,240
tile=212,2048,256,64,256,32,240
tile=213,2112,256,64,256,32,240
tile=214,2176,256,64,256,32,240
tile=215,2240,256,64,256,32,240
tile=216,2304,256,64,256,32,240
tile=217,2368,256,64,256,32,240
tile=218,2432,256,64,256,32,240
tile=219,2496,256,64,256,32,240
tile=220,2560,256,64,256,32,240
tile=221,2624,256,64,256,32,240
tile=222,2688,256,64,256,32,240
tile=223,2752,256,64,256,32,240
tile=224,2816,256,64,256,32,240
tile=225,2880,256,64,256,32,240
tile=226,2944,256,64,256,32,240
tile=227,3008,256,64,256,32,240
tile=228,3072,256,64,256,32,240
tile=229,3136,256,64,256,32,240
tile=230,3200,256,64,256,32,240
tile=231,3264,256,64,256,32,240
tile=232,3328,256,64,256,32,240
tile=233,3392,256,64,256,32,240
tile=234,3456,256,64,256,32,240
tile=235,3520,256,64,256,32,240
tile=236,3584,256,64,256,32,240
tile=237,3648,256,64,256,32,240
tile=238,3712,256,64,256,32,240
tile=239,3776,256,64,256,32,240
tile=240,3840,256,64,256,32,240
tile=241,3904,256,64,256,32,240
tile=242,3968,256,64,256,32,240
tile=243,4032,256,64,256,32,240
tile=244,4096,256,64,256,32,240
tile=245,4160,256,64,256,32,240
tile=246,4224,256,64,256,32,240
tile=247,4288,256,64,256,32,240
tile=248,4352,256,64,256,32,240
tile=249,4416,256,64,256,32,240
tile=250,4480,256,64,256,32,240
tile=251,4544,256,64,256,32,240
tile=252,4608,256,64,256,32,240
tile=253,4672,256,64,256,32,240
tile=254,4736,256,64,256,32,240
tile=255,4800,256,64,256,32,240
tile=256,4864,256,64,256,32,240
tile=257,4928,256,64,256,32,240
tile=258,4992,256,64,256,32,240
tile=259,0,512,64,256,32,240
tile=260,64,512,64,256,32,240
tile=261,128,512,64,256,32,240
tile=262,192,512,64,256,32,240
tile=263,256,512,64,256,32,240
tile=264,320,512,64,256,32,240
tile=265,384,512,64,256,32,240
tile=266,448,512,64,256,32,240
tile=267,512,512,64,256,32,240
tile=268,576,512,64,256,32,240
tile=269,640,512,64,256,32,240
tile=270,704,512,64,256,32,240
tile=271,768,512,64,256,32,240
tile=272,832,512,64,256,32,240
tile=273,896,512,64,256,32,240
tile=274,960,512,64,256,32,240
tile=275,1024,512,64,256,32,240
tile=276,1088,512,64,256,32,240
tile=277,1152,512,64,256,32,240
tile=278,1216,512,64,256,32,240
tile=279,1280,512,64,256,32,240
tile=280,1344,512,64,256,32,240
tile=281,1408,512,64,256,32,240
tile=282,1472,512,64,256,32,240
tile=283,1536,512,64,256,32,240
tile=284,1600,512,64,256,32,240
tile=285,1664,512,64,256,32,240
tile=286,1728,512,64,256,32,240
tile=287,1792,512,64,256,32,240
tile=288,1856,512,64,256,32,240
tile=289,1920,512,64,256,32,240
tile=290,1984,512,64,256,32,240
tile=291,2048,512,64,256,32,240
tile=292,2112,512,64,256,32,240
tile=293,2176,512,64,256,32,240
tile=294,2240,512,64,256,32,240
tile=295,2304,512,64,256,32,240
tile=296,2368,512,64,256,32,240
tile=297,2432,512,64,256,32,240
tile=298,2496,512,64,256,32,240
tile=299,2560,512,64,256,32,240
tile=300,2624,512,64,256,32,240
tile=301,2688,512,64,256,32,240
tile=302,2752,512,64,256,32,240
tile=303,2816,512,64,256,32,240
tile=304,2880,512,64,256,32,240
tile=305,2944,512,64,256,32,240
tile=306,3008,512,64,256,32,240
tile=307,3072,512,64,256,32,240
tile=308,3136,512,64,256,32,240
tile=309,3200,512,64,256,32,240
tile=310,3264,512,64,256,32,240
tile=311,3328,512,64,256,32,240
tile=312,3392,512,64,256,32,240
tile=313,3456,512,64,256,32,240
tile=314,3520,512,64,256,32,240
tile=315,3584,512,64,256,32,240
tile=316,3648,512,64,256,32,240
tile=317,3712,512,64,256,32,240
tile=318,3776,512,64,256,32,240
tile=319,3840,512,64,256,32,240
tile=320,3904,512,64,256,32,240
tile=321,3968,512,64,256,32,240
tile=322,4032,512,64,256,32,240
tile=323,4096,512,64,256,32,240
tile=324,4160,512,64,256,32,240
tile=325,4224,512,64,256,32,240
tile=326,4288,512,64,256,32,240
tile=327,4352,512,64,256,32,240
tile=328,4416,512,64,256,32,240
tile=329,4480,512,64,256,32,240
tile=330,4544,512,64,256,32,240
tile=331,4608,512,64,256,32,240
tile=332,4672,512,64,256,32,240
tile=333,4736,512,64,256,32,240
tile=334,4800,512,64,256,32,240
tile=335,4864,512,64,256,32,240
tile=336,4928,512,64,256,32,240
tile=337,4992,512,64,256,32,240
tile=338,0,768,64,256,32,240
tile=339,64,768,64,256,32,240
tile=340,128,768,64,256,32,240
tile=341,192,768,64,256,32,240
tile=342,256,768,64,256,32,240
tile=343,320,768,64,256,32,240
tile=344,384,768,64,256,32,240
tile=345,448,768,64,256,32,240
tile=346,512,768,64,256,32,240
tile=347,576,768,64,256,32,240
tile=348,640,768,64,256,32,240
tile=349,704,768,64,256,32,240
tile=350,768,768,64,256,32,240
tile=351,832,768,64,256,32,240
tile=352,896,768,64,256,32,240
tile=353,960,768,64,256,32,240
tile=354,1024,768,64,256,32,240
tile=355,1088,768,64,256,32,240
tile=356,1152,768,64,256,32,240
tile=357,1216,768,64,256,32,240
tile=358,1280,768,64,256,32,240
tile=359,1344,768,64,256,32,240
tile=360,1408,768,64,256,32,240
tile=361,1472,768,64,256,32,240
tile=362,1536,768,64,256,32,240
tile=363,1600,768,64,256,32,240
tile=364,1664,768,64,256,32,240
tile=365,1728,768,64,256,32,240
tile=366,1792,768,64,256,32,240
tile=367,1856,768,64,256,32,240
tile=368,1920,768,64,256,32,240
tile=369,1984,768,64,256,32,240
tile=370,2048,768,64,256,32,240
tile=371,2112,768,64,256,32,240
tile=372,2176,768,64,256,32,240
tile=373,2240,768,64,256,32,240
tile=374,2304,768,64,256,32,240
tile=375,2368,768,64,256,32,240
tile=376,2432,768,64,256,32,240
tile=377,2496,768,64,256,32,240
tile=378,2560,768,64,256,32,240
tile=379,2624,768,64,256,32,240
tile=380,2688,768,64,256,32,240
tile=381,2752,768,64,256,32,240
tile=382,2816,768,64,256,32,240
tile=383,2880,768,64,256,32,240
tile=384,2944,768,64,256,32,240
tile=385,3008,768,64,256,32,240
tile=386,3072,768,64,256,32,240
tile=387,3136,768,64,256,32,240
tile=388,3200,768,64,256,32,240
tile=389,3264,768,64,256,32,240
tile=390,3328,768,64,256,32,240
tile=391,3392,768,64,256,32,240
tile=392,3456,768,64,256,32,240
tile=393,3520,768,64,256,32,240
tile=394,3584,768,64,256,32,240
tile=395,3648,768,64,256,32,240
tile=396,3712,768,64,256,32,240
tile=397,3776,768,64,256,32,240
tile=398,3840,768,64,256,32,240
tile=399,3904,768,64,256,32,240
tile=400,3968,768,64,256,32,240
tile=401,4032,768,64,256,32,240
tile=402,4096,768,64,256,32,240
tile=403,4160,768,64,256,32,240
tile=404,4224,768,64,256,32,240
tile=405,4288,768,64,256,32,240
tile=406,4352,768,64,256,32,240
tile=407,4416,768,64,256,32,240
tile=408,4480,768,64,256,32,240
tile=409,4544,768,64,256,32,240
tile=410,4608,768,64,256,32,240
tile=411,4672,768,64,256,32,240
tile=412,4736,768,64,256,32,240
tile=413,4800,768,64,256,32,240
tile=414,4864,768,64,256,32,240
tile=415,4928,768,64,256,32,240
tile=416,4992,768,64,256,32,240
tile=417,0,1024,64,256,32,240
tile=418,64,1024,64,256,32,240
tile=419,128,1024,64,256,32,240
tile=420,192,1024,64,256,32,240
tile=421,256,1024,64,256,32,240
tile=422,320,1024,64,256,32,240
tile=423,384,1024,64,256,32,240
tile=424,448,1024,64,256,32,240
tile=425,512,1024,64,256,32,240
tile=426,576,1024,64,256,32,240
tile=427,640,1024,64,256,32,240
tile=428,704,1024,64,256,32,240
tile=429,768,1024,64,256,32,240
tile=430,832,1024,64,256,32,240
tile=431,896,1024,64,256,32,240
tile=432,960,1024,64,256,32,240
tile=433,1024,1024,64,256,32,240
tile=434,1088,1024,64,256,32,240
tile=435,1152,1024,64,256,32,240
tile=436,1216,1024,64,256,32,240
tile=437,1280,1024,64,256,32,240
tile=438,1344,1024,64,256,32,240
tile=439,1408,1024,64,256,32,240
tile=440,1472,1024,64,256,32,240
tile=441,1536,1024,64,256,32,240
tile=442,1600,1024,64,256,32,240
tile=443,1664,1024,64,256,32,240
tile=444,1728,1024,64,256,32,240
tile=445,1792,1024,64,256,32,240
tile=446,1856,1024,64,256,32,240
tile=447,1920,1024,64,256,32,240
tile=448,1984,1024,64,256,32,240
tile=449,2048,1024,64,256,32,240
tile=450,2112,1024,64,256,32,240
tile=451,2176,1024,64,256,32,240
tile=452,2240,1024,64,256,32,240
tile=453,2304,1024,64,256,32,240
tile=454,2368,1024,64,256,32,240
tile=455,2432,1024,64,256,32,240
tile=456,2496,1024,64,256,32,240
tile=457,2560,1024,64,256,32,240
tile=458,2624,1024,64,256,32,240
tile=459,2688,1024,64,256,32,240
tile=460,2752,1024,64,256,32,240
tile=461,2816,1024,64,256,32,240
tile=462,2880,1024,64,256,32,240
tile=463,2944,1024,64,256,32,240
tile=464,3008,1024,64,256,32,240
tile=465,3072,1024,64,256,32,240
tile=466,3136,1024,64,256,32,240
tile=467,3200,1024,64,256,32,240
tile=468,3264,1024,64,256,32,240
tile=469,3328,1024,64,256,32,240
tile=470,3392,1024,64,256,32,240
tile=471,3456,1024,64,256,32,240
tile=472,3520,1024,64,256,32,240
tile=473,3584,1024,64,256,32,240
tile=474,3648,1024,64,256,32,240
tile=475,3712,1024,64,256,32,240
tile=476,3776,1024,64,256,32,240
tile=477,3840,1024,64,256,32,240
tile=478,3904,1024,64,256,32,240
tile=479,3968,1024,64,256,32,240
tile=480,4032,1024,64,256,32,240
tile=481,4096,1024,64,256,32,240
tile=482,4160,1024,64,256,32,240
tile=483,4224,1024,64,256,32,240
tile=484,4288,1024,64,256,32,240
tile=485,4352,1024,64,256,32,240
tile=486,4416,1024,64,256,32,240
tile=487,4480,1024,64,256,32,240
tile=488,4544,1024,64,256,32,240
tile=489,4608,1024,64,256,32,240
tile=490,4672,1024,64,256,32,240
tile=491,4736,1024,64,256,32,240
tile=492,4800,1024,64,256,32,240
tile=493,4864,1024,64,256,32,240
tile=494,4928,1024,64,256,32,240
tile=495,4992,1024,64,256,32,240
tile=496,0,1280,64,256,32,240
tile=497,64,1280,64,256,32,240
tile=498,128,1280,64,256,32,240
tile=499,192,1280,64,256,32,240
tile=500,256,1280,64,256,32,240
tile=501,320,1280,64,256,32,240
tile=502,384,1280,64,256,32,240
tile=503,448,1280,64,256,32,240
tile=504,512,1280,64,256,32,240
tile=505,576,1280,64,256,32,240
tile=506,640,1280,64,256,32,240
tile=507,704,1280,64,256,32,240
tile=508,768,1280,64,256,32,240
tile=509,832,1280,64,256,32,240
tile=510,896,1280,64,256,32,240
tile=511,960,1280,64,256,32,240
tile=512,1024,1280,64,256,32,240
tile=513,1088,1280,64,256,32,240
tile=514,1152,1280,64,256,32,240
tile=515,1216,1280,64,256,32,240
tile=516,1280,1280,64,256,32,240
tile=517,1344,1280,64,256,32,240
tile=518,1408,1280,64,256,32,240
tile=519,1472,1280,64,256,32,240
tile=520,1536,1280,64,256,32,240
tile=521,1600,1280,64,256,32,240
tile=522,1664,1280,64,256,32,240
tile=523,1728,1280,64,256,32,240
tile=524,1792,1280,64,256,32,240
tile=525,1856,1280,64,256,32,240
tile=526,1920,1280,64,256,32,240
tile=527,1984,1280,64,256,32,240
tile=528,2048,1280,64,256,32,240
tile=529,2112,1280,64,256,32,240
tile=530,2176,1280,64,256,32,240
tile=531,2240,1280,64,256,32,240
tile=532,2304,1280,64,256,32,240
tile=533,2368,1280,64,256,32,240
tile=534,2432,1280,64,256,32,240
tile=535,2496,1280,64,256,32,240
tile=536,2560,1280,64,256,32,240
tile=537,2624,1280,64,256,32,240
tile=538,2688,1280,64,256,32,240
tile=539,2752,1280,64,256,32,240
tile=540,2816,1280,64,256,32,240
tile=541,2880,1280,64,256,32,240
tile=542,2944,1280,64,256,32,240
tile=543,3008,1280,64,256,32,240
tile=544,3072,1280,64,256,32,240
tile=545,3136,1280,64,256,32,240
tile=546,3200,1280,64,256,32,240
tile=547,3264,1280,64,256,32,240
tile=548,3328,1280,64,256,32,240
tile=549,3392,1280,64,256,32,240
tile=550,3456,1280,64,256,32,240
tile=551,3520,1280,64,256,32,240
tile=552,3584,1280,64,256,32,240
tile=553,3648,1280,64,256,32,240
tile=554,3712,1280,64,256,32,240
tile=555,3776,1280,64,256,32,240
tile=556,3840,1280,64,256,32,240
tile=557,3904,1280,64,256,32,240
tile=558,3968,1280,64,256,32,240
tile=559,4032,1280,64,256,32,240
tile=560,4096,1280,64,256,32,240
tile=561,4160,1280,64,256,32,240
tile=562,4224,1280,64,256,32,240
tile=563,4288,1280,64,256,32,240
tile=564,4352,1280,64,256,32,240
tile=565,4416,1280,64,256,32,240
tile=566,4480,1280,64,256,32,240
tile=567,4544,1280,64,256,32,240
tile=568,4608,1280,64,256,32,240
tile=569,4672,1280,64,256,32,240
tile=570,4736,1280,64,256,32,240
tile=571,4800,1280,64,256,32,240
tile=572,4864,1280,64,256,32,240
tile=573,4928,1280,64,256,32,240
tile=574,4992,1280,64,256,32,240
tile=575,0,1536,64,256,32,240
tile=576,64,1536,64,256,32,240
tile=577,128,1536,64,256,32,240
tile=578,192,1536,64,256,32,240
tile=579,256,1536,64,256,32,240
tile=580,320,1536,64,256,32,240
tile=581,384,1536,64,256,32,240
tile=582,448,1536,64,256,32,240
tile=583,512,1536,64,256,32,240
tile=584,576,1536,64,256,32,240
tile=585,640,1536,64,256,32,240
tile=586,704,1536,64,256,32,240
tile=587,768,1536,64,256,32,240
tile=588,832,1536,64,256,32,240
tile=589,896,1536,64,256,32,240
tile=590,960,1536,64,256,32,240
tile=591,1024,1536,64,256,32,240
tile=592,1088,1536,64,256,32,240
tile=593,1152,1536,64,256,32,240
tile=594,1216,1536,64,256,32,240
tile=595,1280,1536,64,256,32,240
tile=596,1344,1536,64,256,32,240
tile=597,1408,1536,64,256,32,240
tile=598,1472,1536,64,256,32,240
tile=599,1536,1536,64,256,32,240
tile=600,1600,1536,64,256,32,240
tile=601,1664,1536,64,256,32,240
tile=602,1728,1536,64,256,32,240
tile=603,1792,1536,64,256,32,240
tile=604,1856,1536,64,256,32,240
tile=605,1920,1536,64,256,32,240
tile=606,1984,1536,64,256,32,240
tile=607,2048,1536,64,256,32,240
tile=608,2112,1536,64,256,32,240
tile=609,2176,1536,64,256,32,240
tile=610,2240,1536,64,256,32,240
tile=611,2304,1536,64,256,32,240
tile=612,2368,1536,64,256,32,240
tile=613,2432,1536,64,256,32,240
tile=614,2496,1536,64,256,32,240
tile=615,2560,1536,64,256,32,240
tile=616,2624,1536,64,256,32,240
tile=617,2688,1536,64,256,32,240
tile=618,2752,1536,64,256,32,240
tile=619,2816,1536,64,256,32,240
tile=620,2880,1536,64,256,32,240
tile=621,2944,1536,64,256,32,240
tile=622,3008,1536,64,256,32,240
tile=623,3072,1536,64,256,32,240
tile=624,3136,1536,64,256,32,240
tile=625,3200,1536,64,256,32,240
tile=626,3264,1536,64,256,32,240
tile=627,3328,1536,64,256,32,240
tile=628,3392,1536,64,256,32,240
tile=629,3456,1536,64,256,32,240
tile=630,3520,1536,64,256,32,240
tile=631,3584,1536,64,256,32,240
tile=632,3648,1536,64,256,32,240
tile=633,3712,1536,64,256,32,240
tile=634,3776,1536,64,256,32,240
tile=635,3840,1536,64,256,32,240
tile=636,3904,1536,64,256,32,240
tile=637,3968,1536,64,256,32,240
tile=638,4032,1536,64,256,32,240
tile=639,4096,1536,64,256,32,240
tile=640,4160,1536,64,256,32,240
tile=641,4224,1536,64,256,32,240
tile=642,4288,1536,64,256,32,240
tile=643,4352,1536,64,256,32,240
tile=644,4416,1536,64,256,32,240
tile=645,4480,1536,64,256,32,240
tile=646,4544,1536,64,256,32,240
tile=647,4608,1536,64,256,32,240
tile=648,4672,1536,64,256,32,240
tile=649,4736,1536,64,256,32,240
tile=650,4800,1536,64,256,32,240
tile=651,4864,1536,64,256,32,240
tile=652,4928,1536,64,256,32,240
tile=653,4992,1536,64,256,32,240
tile=654,0,1792,64,256,32,240
tile=655,64,1792,64,256,32,240
tile=656,128,1792,64,256,32,240
tile=657,192,1792,64,256,32,240
tile=658,256,1792,64,256,32,240
tile=659,320,1792,64,256,32,240
tile=660,384,1792,64,256,32,240
tile=661,448,1792,64,256,32,240
tile=662,512,1792,64,256,32,240
tile=663,576,1792,64,256,32,240
tile=664,640,1792,64,256,32,240
tile=665,704,1792,64,256,32,240
tile=666,768,1792,64,256,32,240
tile=667,832,1792,64,256,32,240
tile=668,896,1792,64,256,32,240
tile=669,960,1792,64,256,32,240
tile=670,1024,1792,64,256,32,240
tile=671,1088,1792,64,256,32,240
tile=672,1152,1792,64,256,32,240
tile=673,1216,1792,64,256,32,240
tile=674,1280,1792,64,256,32,240
tile=675,1344,1792,64,256,32,240
tile=676,1408,1792,64,256,32,240
tile=677,1472,1792,64,256,32,240
tile=678,1536,1792,64,256,32,240
tile=679,1600,1792,64,256,32,240
tile=680,1664,1792,64,256,32,240
tile=681,1728,1792,64,256,32,240
tile=682,1792,1792,64,256,32,240
tile=683,1856,1792,64,256,32,240
tile=684,1920,1792,64,256,32,240
tile=685,1984,1792,64,256,32,240
tile=686,2048,1792,64,256,32,240
tile=687,2112,1792,64,256,32,240
tile=688,2176,1792,64,256,32,240
tile=689,2240,1792,64,256,32,240
tile=690,2304,1792,64,256,32,240
tile=691,2368,1792,64,256,32,240
tile=692,2432,1792,64,256,32,240
tile=693,2496,1792,64,256,32,240
tile=694,2560,1792,64,256,32,240
tile=695,2624,1792,64,256,32,240
tile=696,2688,1792,64,256,32,240
tile=697,2752,1792,64,256,32,240
tile=698,2816,1792,64,256,32,240
tile=699,2880,1792,64,256,32,240
tile=700,2944,1792,64,256,32,240
tile=701,3008,1792,64,256,32,240
tile=702,3072,1792,64,256,32,240
tile=703,3136,1792,64,256,32,240
tile=704,3200,1792,64,256,32,240
tile=705,3264,1792,64,256,32,240
tile=706,3328,1792,64,256,32,240
tile=707,3392,1792,64,256,32,240
tile=708,3456,1792,64,256,32,240
tile=709,3520,1792,64,256,32,240
tile=710,3584,1792,64,256,32,240
tile=711,3648,1792,64,256,32,240
tile=712,3712,1792,64,256,32,240
tile=713,3776,1792,64,256,32,240
tile=714,3840,1792,64,256,32,240
tile=715,3904,1792,64,256,32,240
tile=716,3968,1792,64,256,32,240
tile=717,4032,1792,64,256,32,240
tile=718,4096,1792,64,256,32,240
tile=719,4160,1792,64,256,32,240
tile=720,4224,1792,64,256,32,240
tile=721,4288,1792,64,256,32,240
tile=722,4352,1792,64,256,32,240
tile=723,4416,1792,64,256,32,240
tile=724,4480,1792,64,256,32,240
tile=725,4544,1792,64,256,32,240
tile=726,4608,1792,64,256,32,240
tile=727,4672,1792,64,256,32,240
tile=728,4736,1792,64,256,32,240
tile=729,4800,1792,64,256,32,240
tile=730,4864,1792,64,256,32,240
tile=731,4928,1792,64,256,32,240
tile=732,4992,1792,64,256,32,240
tile=733,0,2048,64,256,32,240
tile=734,64,2048,64,256,32,240
tile=735,128,2048,64,256,32,240
tile=736,192,2048,64,256,32,240
tile=737,256,2048,64,256,32,240
tile=738,320,2048,64,256,32,240
tile=739,384,2048,64,256,32,240
tile=740,448,2048,64,256,32,240
tile=741,512,2048,64,256,32,240
tile=742,576,2048,64,256,32,240
tile=743,640,2048,64,256,32,240
tile=744,704,2048,64,256,32,240
tile=745,768,2048,64,256,32,240
tile=746,832,2048,64,256,32,240
tile=747,896,2048,64,256,32,240
tile=748,960,2048,64,256,32,240
tile=749,1024,2048,64,256,32,240
tile=750,1088,2048,64,256,32,240
tile=751,1152,2048,64,256,32,240
tile=752,1216,2048,64,256,32,240
tile=753,1280,2048,64,256,32,240
tile=754,1344,2048,64,256,32,240
tile=755,1408,2048,64,256,32,240
tile=756,1472,2048,64,256,32,240
tile=757,1536,2048,64,256,32,240
tile=758,1600,2048,64,256,32,240
tile=759,1664,2048,64,256,32,240
tile=760,1728,2048,64,256,32,240
tile=761,1792,2048,64,256,32,240
tile=762,1856,2048,64,256,32,240
tile=763,1920,2048,64,256,32,240
tile=764,1984,2048,64,256,32,240
tile=765,2048,2048,64,256,32,240
tile=766,2112,2048,64,256,32,240
tile=767,2176,2048,64,256,32,240
tile=768,2240,2048,64,256,32,240
tile=769,2304,2048,64,256,32,240
tile=770,2368,2048,64,256,32,240
tile=771,2432,2048,64,256,32,240
tile=772,2496,2048,64,256,32,240
tile=773,2560,2048,64,256,32,240
tile=774,2624,2048,64,256,32,240
tile=775,2688,2048,64,256,32,240
tile=776,2752,2048,64,256,32,240
tile=777,2816,2048,64,256,32,240
tile=778,2880,2048,64,256,32,240
tile=779,2944,2048,64,256,32,240
tile=780,3008,2048,64,256,32,240
tile=781,3072,2048,64,256,32,240
tile=782,3136,2048,64,256,32,240
tile=783,3200,2048,64,256,32,240
tile=784,3264,2048,64,256,32,240
tile=785,3328,2048,64,256,32,240
tile=786,3392,2048,64,256,32,240
tile=787,3456,2048,64,256,32,240
tile=788,3520,2048,64,256,32,240
tile=789,3584,2048,64,256,32,240
tile=790,3648,2048,64,256,32,240
tile=791,3712,2048,64,256,32,240
tile=792,3776,2048,64,256,32,240
tile=793,3840,2048,64,256,32,240
tile=794,3904,2048,64,256,32,240
tile=795,3968,2048,64,256,32,240
tile=796,4032,2048,64,256,32,240
tile=797,4096,2048,64,256,32,240
tile=798,4160,2048,64,256,32,240
tile=799,4224,2048,64,256,32,240
tile=800,4288,2048,64,256,32,240
tile=801,4352,2048,64,256,32,240
tile=802,4416,2048,64,256,32,240
tile=803,4480,2048,64,256,32,240
tile=804,4544,2048,64,256,32,240
tile=805,4608,2048,64,256,32,240
tile=806,4672,2048,64,256,32,240
tile=807,4736,2048,64,256,32,240
tile=808,4800,2048,64,256,32,240
tile=809,4864,2048,64,256,32,240
tile=810,4928,2048,64,256,32,240
tile=811,4992,2048,64,256,32,240
tile=812,0,2304,64,256,32,240
tile=813,64,2304,64,256,32,240
tile=814,128,2304,64,256,32,240
tile=815,192,2304,64,256,32,240
tile=816,256,2304,64,256,32,240
tile=817,320,2304,64,256,32,240
tile=818,384,2304,64,256,32,240
tile=819,448,2304,64,256,32,240
tile=820,512,2304,64,256,32,240
tile=821,576,2304,64,256,32,240
tile=822,640,2304,64,256,32,240
tile=823,704,2304,64,256,32,240
tile=824,768,2304,64,256,32,240
tile=825,832,2304,64,256,32,240
tile=826,896,2304,64,256,32,240
tile=827,960,2304,64,256,32,240
tile=828,1024,2304,64,256,32,240
tile=829,1088,2304,64,256,32,240
tile=830,1152,2304,64,256,32,240
tile=831,1216,2304,64,256,32,240
tile=832,1280,2304,64,256,32,240
tile=833,1344,2304,64,256,32,240
tile=834,1408,2304,64,256,32,240
tile=835,1472,2304,64,256,32,240
tile=836,1536,2304,64,256,32,240
tile=837,1600,2304,64,256,32,240
tile=838,1664,2304,64,256,32,240
tile=839,1728,2304,64,256,32,240
tile=840,1792,2304,64,256,32,240
tile=841,1856,2304,64,256,32,240
tile=842,1920,2304,64,256,32,240
tile=843,1984,2304,64,256,32,240
tile=844,2048,2304,64,256,32,240
tile=845,2112,2304,64,256,32,240
tile=846,2176,2304,64,256,32,240
tile=847,2240,2304,64,256,32,240
tile=848,2304,2304,64,256,32,240
tile=849,2368,2304,64,256,32,240
tile=850,2432,2304,64,256,32,240
tile=851,2496,2304,64,256,32,240
tile=852,2560,2304,64,256,32,240
tile=853,2624,2304,64,256,32,240
tile=854,2688,2304,64,256,32,240
tile=855,2752,2304,64,256,32,240
tile=856,2816,2304,64,256,32,240
tile=857,2880,2304,64,256,32,240
tile=858,2944,2304,64,256,32,240
tile=859,3008,2304,64,256,32,240
tile=860,3072,2304,64,256,32,240
tile=861,3136,2304,64,256,32,240
tile=862,3200,2304,64,256,32,240
tile=863,3264,2304,64,256,32,240
tile=864,3328,2304,64,256,32,240
tile=865,3392,2304,64,256,32,240
tile=866,3456,2304,64,256,32,240
tile=867,3520,2304,64,256,32,240
tile=868,3584,2304,64,256,32,240
tile=869,3648,2304,64,256,32,240
tile=870,3712,2304,64,256,32,240
tile=871,3776,2304,64,256,32,240
tile=872,3840,2304,64,256,32,240
tile=873,3904,2304,64,256,32,240
tile=874,3968,2304,64,256,32,240
tile=875,4032,2304,64,256,32,240
tile=876,4096,2304,64,256,32,240
tile=877,4160,2304,64,256,32,240
tile=878,4224,2304,64,256,32,240
tile=879,4288,2304,64,256,32,240
tile=880,4352,2304,64,256,32,240
tile=881,4416,2304,64,256,32,240
tile=882,4480,2304,64,256,32,240
tile=883,4544,2304,64,256,32,240
tile=884,4608,2304,64,256,32,240
tile=885,4672,2304,64,256,32,240
tile=886,4736,2304,64,256,32,240
tile=887,4800,2304,64,256,32,240
tile=888,4864,2304,64,256,32,240
tile=889,4928,2304,64,256,32,240
tile=890,4992,2304,64,256,32,240
tile=891,0,2560,64,256,32,240
tile=892,64,2560,64,256,32,240
tile=893,128,2560,64,256,32,240
tile=894,192,2560,64,256,32,240
tile=895,256,2560,64,256,32,240
tile=896,320,2560,64,256,32,240
tile=897,384,2560,64,256,32,240
tile=898,448,2560,64,256,32,240
tile=899,512,2560,64,256,32,240
tile=900,576,2560,64,256,32,240
tile=901,640,2560,64,256,32,240
tile=902,704,2560,64,256,32,240
tile=903,768,2560,64,256,32,240
tile=904,832,2560,64,256,32,240
tile=905,896,2560,64,256,32,240
tile=906,960,2560,64,256,32,240
tile=907,1024,2560,64,256,32,240
tile=908,1088,2560,64,256,32,240
tile=909,1152,2560,64,256,32,240
tile=910,1216,2560,64,256,32,240
tile=911,1280,2560,64,256,32,240
tile=912,1344,2560,64,256,32,240
tile=913,1408,2560,64,256,32,240
tile=914,1472,2560,64,256,32,240
tile=915,1536,2560,64,256,32,240
tile=916,1600,2560,64,256,32,240
tile=917,1664,2560,64,256,32,240
tile=918,1728,2560,64,256,32,240
tile=919,1792,2560,64,256,32,240
tile=920,1856,2560,64,256,32,240
tile=921,1920,2560,64,256,32,240
tile=922,1984,2560,64,256,32,240
tile=923,2048,2560,64,256,32,240
tile=924,2112,2560,64,256,32,240
tile=925,2176,2560,64,256,32,240
tile=926,2240,2560,64,256,32,240
tile=927,2304,2560,64,256,32,240
tile=928,2368,2560,64,256,32,240
tile=929,2432,2560,64,256,32,240
tile=930,2496,2560,64,256,32,240
tile=931,2560,2560,64,256,32,240
tile=932,2624,2560,64,256,32,240
tile=933,2688,2560,64,256,32,240
tile=934,2752,2560,64,256,32,240
tile=935,2816,2560,64,256,32,240
tile=936,2880,2560,64,256,32,240
tile=937,2944,2560,64,256,32,240
tile=938,3008,2560,64,256,32,240
tile=939,3072,2560,64,256,32,240
tile=940,3136,2560,64,256,32,240
tile=941,3200,2560,64,256,32,240
tile=942,3264,2560,64,256,32,240
tile=943,3328,2560,64,256,32,240
tile=944,3392,2560,64,256,32,240
tile=945,3456,2560,64,256,32,240
tile=946,3520,2560,64,256,32,240
tile=947,3584,2560,64,256,32,240
tile=948,3648,2560,64,256,32,240
tile=949,3712,2560,64,256,32,240
tile=950,3776,2560,64,256,32,240
tile=951,3840,2560,64,256,32,240
tile=952,3904,2560,64,256,32,240
tile=953,3968,2560,64,256,32,240
tile=954,4032,2560,64,256,32,240
tile=955,4096,2560,64,256,32,240
tile=956,4160,2560,64,256,32,240
tile=957,4224,2560,64,256,32,240
tile=958,4288,2560,64,256,32,240
tile=959,4352,2560,64,256,32,240
tile=960,4416,2560,64,256,32,240
tile=961,4480,2560,64,256,32,240
tile=962,4544,2560,64,256,32,240
tile=963,4608,2560,64,256,32,240
tile=964,4672,2560,64,256,32,240
tile=965,4736,2560,64,256,32,240
tile=966,4800,2560,64,256,32,240
tile=967,4864,2560,64,256,32,240
tile=968,4928,2560,64,256,32,240
tile=969,4992,2560,64,256,32,240
tile=970,0,2816,64,256,32,240
tile=971,64,2816,64,256,32,240
tile=972,128,2816,64,256,32,240
tile=973,192,2816,64,256,32,240
tile=974,256,2816,64,256,32,240
tile=975,320,2816,64,256,32,240
tile=976,384,2816,64,256,32,240
tile=977,448,2816,64,256,32,240
tile=978,512,2816,64,256,32,240
tile=979,576,2816,64,256,32,240
tile=980,640,2816,64,256,32,240
tile=981,704,2816,64,256,32,240
tile=982,768,2816,64,256,32,240
tile=983,832,2816,64,256,32,240
tile=984,896,2816,64,256,32,240
tile=985,960,2816,64,256,32,240
tile=986,1024,2816,64,256,32,240
tile=987,1088,2816,64,256,32,240
tile=988,1152,2816,64,256,32,240
tile=989,1216,2816,64,256,32,240
tile=990,1280,2816,64,256,32,240
tile=991,1344,2816,64,256,32,240
tile=992,1408,2816,64,256,32,240
tile=993,1472,2816,64,256,32,240
tile=994,1536,2816,64,256,32,240
tile=995,1600,2816,64,256,32,240
tile=996,1664,2816,64,256,32,240
tile=997,1728,2816,64,256,32,240
tile=998,1792,2816,64,256,32,240
tile=999,1856,2816,64,256,32,240
tile=1000,1920,2816,64,256,32,240
tile=1001,1984,2816,64,256,32,240
tile=1002,2048,2816,64,256,32,240
tile=1003,2112,2816,64,256,32,240
tile=1004,2176,2816,64,256,32,240
tile=1005,2240,2816,64,256,32,240
tile=1006,2304,2816,64,256,32,240
tile=1007,2368,2816,64,256,32,240
tile=1008,2432,2816,64,256,32,240
tile=1009,2496,2816,64,256,32,240
tile=1010,2560,2816,64,256,32,240
tile=1011,2624,2816,64,256,32,240
tile=1012,2688,2816,64,256,32,240
tile=1013,2752,2816,64,256,32,240
tile=1014,2816,2816,64,256,32,240
tile=1015,2880,2816,64,256,32,240
tile=1016,2944,2816,64,256,32,240
tile=1017,3008,2816,64,256,32,240
tile=1018,3072,2816,64,256,32,240
tile=1019,3136,2816,64,256,32,240
tile=1020,3200,2816,64,256,32,240
tile=1021,3264,2816,64,256,32,240
tile=1022,3328,2816,64,256,32,240
tile=1023,3392,2816,64,256,32,240
tile=1024,3456,2816,64,256,32,240
tile=1025,3520,2816,64,256,32,240
tile=1026,3584,2816,64,256,32,240
tile=1027,3648,2816,64,256,32,240
tile=1028,3712,2816,64,256,32,240
tile=1029,3776,2816,64,256,32,240
tile=1030,3840,2816,64,256,32,240
tile=1031,3904,2816,64,256,32,240
tile=1032,3968,2816,64,256,32,240
tile=1033,4032,2816,64,256,32,240
tile=1034,4096,2816,64,256,32,240
tile=1035,4160,2816,64,256,32,240
tile=1036,4224,2816,64,256,32,240
tile=1037,4288,2816,64,256,32,240
tile=1038,4352,2816,64,256,32,240
tile=1039,4416,2816,64,256,32,240
tile=1040,4480,2816,64,256,32,240
tile=1041,4544,2816,64,256,32,240
tile=1042,4608,2816,64,256,32,240
tile=1043,4672,2816,64,256,32,240
tile=1044,4736,2816,64,256,32,240
tile=1045,4800,2816,64,256,32,240
tile=1046,4864,2816,64,256,32,240
tile=1047,4928,2816,64,256,32,240
tile=1048,4992,2816,64,256,32,240
tile=1049,0,3072,64,256,32,240
tile=1050,64,3072,64,256,32,240
tile=1051,128,3072,64,256,32,240
tile=1052,192,3072,64,256,32,240
tile=1053,256,3072,64,256,32,240
tile=1054,320,3072,64,256,32,240
tile=1055,384,3072,64,256,32,240
tile=1056,448,3072,64,256,32,240
tile=1057,512,3072,64,256,32,240
tile=1058,576,3072,64,256,32,240
tile=1059,640,3072,64,256,32,240
tile=1060,704,3072,64,256,32,240
tile=1061,768,3072,64,256,32,240
tile=1062,832,3072,64,256,32,240
tile=1063,896,3072,64,256,32,240
tile=1064,960,3072,64,256,32,240
tile=1065,1024,3072,64,256,32,240
tile=1066,1088,3072,64,256,32,240
tile=1067,1152,3072,64,256,32,240
tile=1068,1216,3072,64,256,32,240
tile=1069,1280,3072,64,256,32,240
tile=1070,1344,3072,64,256,32,240
tile=1071,1408,3072,64,256,32,240
tile=1072,1472,3072,64,256,32,240
tile=1073,1536,3072,64,256,32,240
tile=1074,1600,3072,64,256,32,240
tile=1075,1664,3072,64,256,32,240
tile=1076,1728,3072,64,256,32,240
tile=1077,1792,3072,64,256,32,240
tile=1078,1856,3072,64,256,32,240
tile=1079,1920,3072,64,256,32,240
tile=1080,1984,3072,64,256,32,240
tile=1081,2048,3072,64,256,32,240
tile=1082,2112,3072,64,256,32,240
tile=1083,2176,3072,64,256,32,240
tile=1084,2240,3072,64,256,32,240
tile=1085,2304,3072,64,256,32,240
tile=1086,2368,3072,64,256,32,240
tile=1087,2432,3072,64,256,32,240
tile=1088,2496,3072,64,256,32,240
tile=1089,2560,3072,64,256,32,240
tile=1090,2624,3072,64,256,32,240
tile=1091,2688,3072,64,256,32,240
tile=1092,2752,3072,64,256,32,240
tile=1093,2816,3072,64,256,32,240
tile=1094,2880,3072,64,256,32,240
tile=1095,2944,3072,64,256,32,240
tile=1096,3008,3072,64,256,32,240
tile=1097,3072,3072,64,256,32,240
tile=1098,3136,3072,64,256,32,240
tile=1099,3200,3072,64,256,32,240
tile=1100,3264,3072,64,256,32,240
tile=1101,3328,3072,64,256,32,240
tile=1102,3392,3072,64,256,32,240
tile=1103,3456,3072,64,256,32,240
tile=1104,3520,3072,64,256,32,240
tile=1105,3584,3072,64,256,32,240
tile=1106,3648,3072,64,256,32,240
tile=1107,3712,3072,64,256,32,240
tile=1108,3776,3072,64,256,32,240
tile=1109,3840,3072,64,256,32,240
tile=1110,3904,3072,64,256,32,240
tile=1111,3968,3072,64,256,32,240
tile=1112,4032,3072,64,256,32,240
tile=1113,4096,3072,64,256,32,240
tile=1114,4160,3072,64,256,32,240
tile=1115,4224,3072,64,256,32,240
tile=1116,4288,3072,64,256,32,240
tile=1117,4352,3072,64,256,32,240
tile=1118,4416,3072,64,256,32,240
tile=1119,4480,3072,64,256,32,240
tile=1120,4544,3072,64,256,32,240
tile=1121,4608,3072,64,256,32,240
tile=1122,4672,3072,64,256,32,240
tile=1123,4736,3072,64,256,32,240
tile=1124,4800,3072,64,256,32,240
tile=1125,4864,3072,64,256,32,240
tile=1126,4928,3072,64,256,32,240
tile=1127,4992,3072,64,256,32,240
tile=1128,0,3328,64,256,32,240
tile=1129,64,3328,64,256,32,240
tile=1130,128,3328,64,256,32,240
tile=1131,192,3328,64,256,32,240
tile=1132,256,3328,64,256,32,240
tile=1133,320,3328,64,256,32,240
tile=1134,384,3328,64,256,32,240
tile=1135,448,3328,64,256,32,240
tile=1136,512,3328,64,256,32,240
tile=1137,576,3328,64,256,32,240
tile=1138,640,3328,64,256,32,240
tile=1139,704,3328,64,256,32,240
tile=1140,768,3328,64,256,32,240
tile=1141,832,3328,64,256,32,240
tile=1142,896,3328,64,256,32,240
tile=1143,960,3328,64,256,32,240
tile=1144,1024,3328,64,256,32,240
tile=1145,1088,3328,64,256,32,240
tile=1146,1152,3328,64,256,32,240
tile=1147,1216,3328,64,256,32,240
tile=1148,1280,3328,64,256,32,240
tile=1149,1344,3328,64,256,32,240
tile=1150,1408,3328,64,256,32,240
tile=1151,1472,3328,64,256,32,240
tile=1152,1536,3328,64,256,32,240
tile=1153,1600,3328,64,256,32,240
tile=1154,1664,3328,64,256,32,240
tile=1155,1728,3328,64,256,32,240
tile=1156,1792,3328,64,256,32,240
tile=1157,1856,3328,64,256,32,240
tile=1158,1920,3328,64,256,32,240
tile=1159,1984,3328,64,256,32,240
tile=1160,2048,3328,64,256,32,240
tile=1161,2112,3328,64,256,32,240
tile=1162,2176,3328,64,256,32,240
tile=1163,2240,3328,64,256,32,240
tile=1164,2304,3328,64,256,32,240
tile=1165,2368,3328,64,256,32,240
tile=1166,2432,3328,64,256,32,240
tile=1167,2496,3328,64,256,32,240
tile=1168,2560,3328,64,256,32,240
tile=1169,2624,3328,64,256,32,240
tile=1170,2688,3328,64,256,32,240
tile=1171,2752,3328,64,256,32,240
tile=1172,2816,3328,64,256,32,240
tile=1173,2880,3328,64,256,32,240
tile=1174,2944,3328,64,256,32,240
tile=1175,3008,3328,64,256,32,240
tile=1176,3072,3328,64,256,32,240
tile=1177,3136,3328,64,256,32,240
tile=1178,3200,3328,64,256,32,240
tile=1179,3264,3328,64,256,32,240
tile=1180,3328,3328,64,256,32,240
tile=1181,3392,3328,64,256,32,240
tile=1182,3456,3328,64,256,32,240
tile=1183,3520,3328,64,256,32,240
tile=1184,3584,3328,64,256,32,240
tile=1185,3648,3328,64,256,32,240
tile=1186,3712,3328,64,256,32,240
tile=1187,3776,3328,64,256,32,240
tile=1188,3840,3328,64,256,32,240
tile=1189,3904,3328,64,256,32,240
tile=1190,3968,3328,64,256,32,240
tile=1191,4032,3328,64,256,32,240
tile=1192,4096,3328,64,256,32,240
tile=1193,4160,3328,64,256,32,240
tile=1194,4224,3328,64,256,32,240
tile=1195,4288,3328,64,256,32,240
tile=1196,4352,3328,64,256,32,240
tile=1197,4416,3328,64,256,32,240
tile=1198,4480,3328,64,256,32,240
tile=1199,4544,3328,64,256,32,240
tile=1200,4608,3328,64,256,32,240
tile=1201,4672,3328,64,256,32,240
tile=1202,4736,3328,64,256,32,240
tile=1203,4800,3328,64,256,32,240
tile=1204,4864,3328,64,256,32,240
tile=1205,4928,3328,64,256,32,240
tile=1206,4992,3328,64,256,32,240
tile=1207,0,3584,64,256,32,240
tile=1208,64,3584,64,256,32,240
tile=1209,128,3584,64,256,32,240
tile=1210,192,3584,64,256,32,240
tile=1211,256,3584,64,256,32,240
tile=1212,320,3584,64,256,32,240
tile=1213,384,3584,64,256,32,240
tile=1214,448,3584,64,256,32,240
tile=1215,512,3584,64,256,32,240
tile=1216,576,3584,64,256,32,240
tile=1217,640,3584,64,256,32,240
tile=1218,704,3584,64,256,32,240
tile=1219,768,3584,64,256,32,240
tile=1220,832,3584,64,256,32,240
tile=1221,896,3584,64,256,32,240
tile=1222,960,3584,64,256,32,240
tile=1223,1024,3584,64,256,32,240
tile=1224,1088,3584,64,256,32,240
tile=1225,1152,3584,64,256,32,240
tile=1226,1216,3584,64,256,32,240
tile=1227,1280,3584,64,256,32,240
tile=1228,1344,3584,64,256,32,240
tile=1229,1408,3584,64,256,32,240
tile=1230,1472,3584,64,256,32,240
tile=1231,1536,3584,64,256,32,240
tile=1232,1600,3584,64,256,32,240
tile=1233,1664,3584,64,256,32,240
tile=1234,1728,3584,64,256,32,240
tile=1235,1792,3584,64,256,32,240
tile=1236,1856,3584,64,256,32,240
tile=1237,1920,3584,64,256,32,240
tile=1238,1984,3584,64,256,32,240
tile=1239,2048,3584,64,256,32,240
tile=1240,2112,3584,64,256,32,240
tile=1241,2176,3584,64,256,32,240
tile=1242,2240,3584,64,256,32,240
tile=1243,2304,3584,64,256,32,240
tile=1244,2368,3584,64,256,32,240
tile=1245,2432,3584,64,256,32,240
tile=1246,2496,3584,64,256,32,240
tile=1247,2560,3584,64,256,32,240
tile=1248,2624,3584,64,256,32,240
tile=1249,2688,3584,64,256,32,240
tile=1250,2752,3584,64,256,32,240
tile=1251,2816,3584,64,256,32,240
tile=1252,2880,3584,64,256,32,240
tile=1253,2944,3584,64,256,32,240
tile=1254,3008,3584,64,256,32,240
tile=1255,3072,3584,64,256,32,240
tile=1256,3136,3584,64,256,32,240
tile=1257,3200,3584,64,256,32,240
tile=1258,3264,3584,64,256,32,240
tile=1259,3328,3584,64,256,32,240
tile=1260,3392,3584,64,256,32,240
tile=1261,3456,3584,64,256,32,240
tile=1262,3520,3584,64,256,32,240
tile=1263,3584,3584,64,256,32,240
tile=1264,3648,3584,64,256,32,240
tile=1265,3712,3584,64,256,32,240
tile=1266,3776,3584,64,256,32,240
tile=1267,3840,3584,64,256,32,240
tile=1268,3904,3584,64,256,32,240
tile=1269,3968,3584,64,256,32,240
tile=1270,4032,3584,64,256,32,240
tile=1271,4096,3584,64,256,32,240
tile=1272,4160,3584,64,256,32,240
tile=1273,4224,3584,64,256,32,240
tile=1274,4288,3584,64,256,32,240
tile=1275,4352,3584,64,256,32,240
tile=1276,4416,3584,64,256,32,240
tile=1277,4480,3584,64,256,32,240
tile=1278,4544,3584,64,256,32,240
tile=1279,4608,3584,64,256,32,240
tile=1280,4672,3584,64,256,32,240
tile=1281,4736,3584,64,256,32,240
tile=1282,4800,3584,64,256,32,240
tile=1283,4864,3584,64,256,32,240
tile=1284,4928,3584,64,256,32,240
tile=1285,4992,3584,64,256,32,240
tile=1286,0,3840,64,256,32,240
tile=1287,64,3840,64,256,32,240
tile=1288,128,3840,64,256,32,240
tile=1289,192,3840,64,256,32,240
tile=1290,256,3840,64,256,32,240
tile=1291,320,3840,64,256,32,240
tile=1292,384,3840,64,256,32,240
tile=1293,448,3840,64,256,32,240
tile=1294,512,3840,64,256,32,240
tile=1295,576,3840,64,256,32,240
tile=1296,640,3840,64,256,32,240
tile=1297,704,3840,64,256,32,240
tile=1298,768,3840,64,256,32,240
tile=1299,832,3840,64,256,32,240
tile=1300,896,3840,64,256,32,240
tile=1301,960,3840,64,256,32,240
tile=1302,1024,3840,64,256,32,240
tile=1303,1088,3840,64,256,32,240
tile=1304,1152,3840,64,256,32,240
tile=1305,1216,3840,64,256,32,240
tile=1306,1280,3840,64,256,32,240
tile=1307,1344,3840,64,256,32,240
tile=1308,1408,3840,64,256,32,240
tile=1309,1472,3840,64,256,32,240
tile=1310,1536,3840,64,256,32,240
tile=1311,1600,3840,64,256,32,240
tile=1312,1664,3840,64,256,32,240
tile=1313,1728,3840,64,256,32,240
tile=1314,1792,3840,64,256,32,240
tile=1315,1856,3840,64,256,32,240
tile=1316,1920,3840,64,256,32,240
tile=1317,1984,3840,64,256,32,240
tile=1318,2048,3840,64,256,32,240
tile=1319,2112,3840,64,256,32,240
tile=1320,2176,3840,64,256,32,240
tile=1321,2240,3840,64,256,32,240
tile=1322,2304,3840,64,256,32,240
tile=1323,2368,3840,64,256,32,240
tile=1324,2432,3840,64,256,32,240
tile=1325,2496,3840,64,256,32,240
tile=1326,2560,3840,64,256,32,240
tile=1327,2624,3840,64,256,32,240
tile=1328,2688,3840,64,256,32,240
tile=1329,2752,3840,64,256,32,240
tile=1330,2816,3840,64,256,32,240
tile=1331,2880,3840,64,256,32,240
tile=1332,2944,3840,64,256,32,240
tile=1333,3008,3840,64,256,32,240
tile=1334,3072,3840,64,256,32,240
tile=1335,3136,3840,64,256,32,240
tile=1336,3200,3840,64,256,32,240
tile=1337,3264,3840,64,256,32,240
tile=1338,3328,3840,64,256,32,240
tile=1339,3392,3840,64,256,32,240
tile=1340,3456,3840,64,256,32,240
tile=1341,3520,3840,64,256,32,240
tile=1342,3584,3840,64,256,32,240
tile=1343,3648,3840,64,256,32,240
tile=1344,3712,3840,64,256,32,240
tile=1345,3776,3840,64,256,32,240
tile=1346,3840,3840,64,256,32,240
tile=1347,3904,3840,64,256,32,240
tile=1348,3968,3840,64,256,32,240
tile=1349,4032,3840,64,256,32,240
tile=1350,4096,3840,64,256,32,240
tile=1351,4160,3840,64,256,32,240
tile=1352,4224,3840,64,256,32,240
tile=1353,4288,3840,64,256,32,240
tile=1354,4352,3840,64,256,32,240
tile=1355,4416,3840,64,256,32,240
tile=1356,4480,3840,64,256,32,240
tile=1357,4544,3840,64,256,32,240
tile=1358,4608,3840,64,256,32,240
